0.000000000000000000e+000 0.000000000000000000e+000
1.000000000000000100e-001 0.000000000000000000e+000
2.000000000000000100e-001 0.000000000000000000e+000
2.999999999999999900e-001 2.999999999999999900e-002
4.000000000000000200e-001 8.000000000000000200e-002
5.000000000000000000e-001 1.300000000000000000e-001
5.999999999999999800e-001 1.300000000000000000e-001
6.999999999999999600e-001 8.000000000000000200e-002
8.000000000000000400e-001 0.000000000000000000e+000
9.000000000000000200e-001 -1.100000000000000000e-001
1.000000000000000000e+000 -2.500000000000000000e-001
1.100000000000000100e+000 -3.900000000000000100e-001
1.200000000000000000e+000 -5.200000000000000200e-001
1.300000000000000000e+000 -6.400000000000000100e-001
1.399999999999999900e+000 -7.299999999999999800e-001
1.500000000000000000e+000 -8.000000000000000400e-001
1.600000000000000100e+000 -8.399999999999999700e-001
1.700000000000000000e+000 -8.599999999999999900e-001
1.800000000000000000e+000 -8.599999999999999900e-001
1.899999999999999900e+000 -8.499999999999999800e-001
2.000000000000000000e+000 -8.299999999999999600e-001
2.100000000000000100e+000 -8.100000000000000500e-001
2.200000000000000200e+000 -8.000000000000000400e-001
2.299999999999999800e+000 -7.900000000000000400e-001
2.399999999999999900e+000 -8.000000000000000400e-001
2.500000000000000000e+000 -8.100000000000000500e-001
2.600000000000000100e+000 -8.299999999999999600e-001
2.700000000000000200e+000 -8.499999999999999800e-001
2.799999999999999800e+000 -8.900000000000000100e-001
2.899999999999999900e+000 -9.200000000000000400e-001
3.000000000000000000e+000 -9.599999999999999600e-001
3.100000000000000100e+000 -9.899999999999999900e-001
3.200000000000000200e+000 -1.020000000000000000e+000
3.299999999999999800e+000 -1.050000000000000000e+000
3.399999999999999900e+000 -1.080000000000000100e+000
3.500000000000000000e+000 -1.100000000000000100e+000
3.600000000000000100e+000 -1.120000000000000100e+000
3.700000000000000200e+000 -1.129999999999999900e+000
3.799999999999999800e+000 -1.139999999999999900e+000
3.899999999999999900e+000 -1.149999999999999900e+000
4.000000000000000000e+000 -1.159999999999999900e+000
4.099999999999999600e+000 -1.179999999999999900e+000
4.200000000000000200e+000 -1.189999999999999900e+000
4.299999999999999800e+000 -1.200000000000000000e+000
4.400000000000000400e+000 -1.210000000000000000e+000
4.500000000000000000e+000 -1.230000000000000000e+000
4.599999999999999600e+000 -1.240000000000000000e+000
4.700000000000000200e+000 -1.260000000000000000e+000
4.799999999999999800e+000 -1.270000000000000000e+000
4.900000000000000400e+000 -1.290000000000000000e+000
5.000000000000000000e+000 -1.310000000000000100e+000
5.099999999999999600e+000 -1.320000000000000100e+000
5.200000000000000200e+000 -1.340000000000000100e+000
5.299999999999999800e+000 -1.350000000000000100e+000
5.400000000000000400e+000 -1.360000000000000100e+000
5.500000000000000000e+000 -1.379999999999999900e+000
5.599999999999999600e+000 -1.389999999999999900e+000
5.700000000000000200e+000 -1.399999999999999900e+000
5.799999999999999800e+000 -1.409999999999999900e+000
5.900000000000000400e+000 -1.419999999999999900e+000
6.000000000000000000e+000 -1.429999999999999900e+000
6.099999999999999600e+000 -1.450000000000000000e+000
6.200000000000000200e+000 -1.460000000000000000e+000
6.299999999999999800e+000 -1.470000000000000000e+000
6.400000000000000400e+000 -1.480000000000000000e+000
6.500000000000000000e+000 -1.490000000000000000e+000
6.599999999999999600e+000 -1.500000000000000000e+000
6.700000000000000200e+000 -1.510000000000000000e+000
6.799999999999999800e+000 -1.520000000000000000e+000
6.900000000000000400e+000 -1.530000000000000000e+000
7.000000000000000000e+000 -1.540000000000000000e+000
7.099999999999999600e+000 -1.550000000000000000e+000
7.200000000000000200e+000 -1.560000000000000100e+000
7.299999999999999800e+000 -1.570000000000000100e+000
7.400000000000000400e+000 -1.580000000000000100e+000
7.500000000000000000e+000 -1.590000000000000100e+000
7.599999999999999600e+000 -1.600000000000000100e+000
7.700000000000000200e+000 -1.610000000000000100e+000
7.799999999999999800e+000 -1.610000000000000100e+000
7.900000000000000400e+000 -1.620000000000000100e+000
8.000000000000000000e+000 -1.629999999999999900e+000
8.099999999999999600e+000 -1.639999999999999900e+000
8.199999999999999300e+000 -1.649999999999999900e+000
8.300000000000000700e+000 -1.659999999999999900e+000
8.400000000000000400e+000 -1.669999999999999900e+000
8.500000000000000000e+000 -1.669999999999999900e+000
8.599999999999999600e+000 -1.679999999999999900e+000
8.699999999999999300e+000 -1.689999999999999900e+000
8.800000000000000700e+000 -1.700000000000000000e+000
8.900000000000000400e+000 -1.700000000000000000e+000
9.000000000000000000e+000 -1.710000000000000000e+000
9.099999999999999600e+000 -1.720000000000000000e+000
9.199999999999999300e+000 -1.720000000000000000e+000
9.300000000000000700e+000 -1.730000000000000000e+000
9.400000000000000400e+000 -1.740000000000000000e+000
9.500000000000000000e+000 -1.740000000000000000e+000
9.599999999999999600e+000 -1.750000000000000000e+000
9.699999999999999300e+000 -1.760000000000000000e+000
9.800000000000000700e+000 -1.770000000000000000e+000
9.900000000000000400e+000 -1.770000000000000000e+000
1.000000000000000000e+001 -1.780000000000000000e+000
1.010000000000000000e+001 -1.780000000000000000e+000
1.019999999999999900e+001 -1.790000000000000000e+000
1.030000000000000100e+001 -1.800000000000000000e+000
1.040000000000000000e+001 -1.800000000000000000e+000
1.050000000000000000e+001 -1.810000000000000100e+000
1.060000000000000000e+001 -1.810000000000000100e+000
1.069999999999999900e+001 -1.820000000000000100e+000
1.080000000000000100e+001 -1.830000000000000100e+000
1.090000000000000000e+001 -1.830000000000000100e+000
1.100000000000000000e+001 -1.840000000000000100e+000
1.110000000000000000e+001 -1.840000000000000100e+000
1.119999999999999900e+001 -1.850000000000000100e+000
1.130000000000000100e+001 -1.850000000000000100e+000
1.140000000000000000e+001 -1.860000000000000100e+000
1.150000000000000000e+001 -1.860000000000000100e+000
1.160000000000000000e+001 -1.870000000000000100e+000
1.169999999999999900e+001 -1.870000000000000100e+000
1.180000000000000100e+001 -1.879999999999999900e+000
1.190000000000000000e+001 -1.879999999999999900e+000
1.200000000000000000e+001 -1.889999999999999900e+000
1.210000000000000000e+001 -1.889999999999999900e+000
1.219999999999999900e+001 -1.899999999999999900e+000
1.230000000000000100e+001 -1.899999999999999900e+000
1.240000000000000000e+001 -1.909999999999999900e+000
1.250000000000000000e+001 -1.909999999999999900e+000
1.260000000000000000e+001 -1.919999999999999900e+000
1.269999999999999900e+001 -1.919999999999999900e+000
1.280000000000000100e+001 -1.919999999999999900e+000
1.290000000000000000e+001 -1.929999999999999900e+000
1.300000000000000000e+001 -1.929999999999999900e+000
1.310000000000000000e+001 -1.939999999999999900e+000
1.319999999999999900e+001 -1.939999999999999900e+000
1.330000000000000100e+001 -1.939999999999999900e+000
1.340000000000000000e+001 -1.950000000000000000e+000
1.350000000000000000e+001 -1.950000000000000000e+000
1.360000000000000000e+001 -1.950000000000000000e+000
1.369999999999999900e+001 -1.960000000000000000e+000
1.380000000000000100e+001 -1.960000000000000000e+000
1.390000000000000000e+001 -1.970000000000000000e+000
1.400000000000000000e+001 -1.970000000000000000e+000
1.410000000000000000e+001 -1.980000000000000000e+000
1.419999999999999900e+001 -1.980000000000000000e+000
1.430000000000000100e+001 -1.980000000000000000e+000
1.440000000000000000e+001 -1.980000000000000000e+000
1.450000000000000000e+001 -1.990000000000000000e+000
1.460000000000000000e+001 -1.990000000000000000e+000
1.469999999999999900e+001 -2.000000000000000000e+000
1.480000000000000100e+001 -2.000000000000000000e+000
1.490000000000000000e+001 -2.000000000000000000e+000
1.500000000000000000e+001 -2.000000000000000000e+000
1.510000000000000000e+001 -2.009999999999999800e+000
1.519999999999999900e+001 -2.009999999999999800e+000
1.530000000000000100e+001 -2.009999999999999800e+000
1.540000000000000000e+001 -2.020000000000000000e+000
1.550000000000000000e+001 -2.020000000000000000e+000
1.560000000000000000e+001 -2.020000000000000000e+000
1.569999999999999900e+001 -2.029999999999999800e+000
1.580000000000000100e+001 -2.029999999999999800e+000
1.590000000000000000e+001 -2.029999999999999800e+000
1.600000000000000000e+001 -2.029999999999999800e+000
1.610000000000000100e+001 -2.040000000000000000e+000
1.619999999999999900e+001 -2.040000000000000000e+000
1.630000000000000100e+001 -2.040000000000000000e+000
1.639999999999999900e+001 -2.040000000000000000e+000
1.650000000000000000e+001 -2.049999999999999800e+000
1.660000000000000100e+001 -2.049999999999999800e+000
1.669999999999999900e+001 -2.049999999999999800e+000
1.680000000000000100e+001 -2.049999999999999800e+000
1.689999999999999900e+001 -2.060000000000000100e+000
1.700000000000000000e+001 -2.060000000000000100e+000
1.710000000000000100e+001 -2.060000000000000100e+000
1.719999999999999900e+001 -2.069999999999999800e+000
1.730000000000000100e+001 -2.069999999999999800e+000
1.739999999999999900e+001 -2.069999999999999800e+000
1.750000000000000000e+001 -2.069999999999999800e+000
1.760000000000000100e+001 -2.069999999999999800e+000
1.769999999999999900e+001 -2.069999999999999800e+000
1.780000000000000100e+001 -2.080000000000000100e+000
1.789999999999999900e+001 -2.080000000000000100e+000
1.800000000000000000e+001 -2.080000000000000100e+000
1.810000000000000100e+001 -2.089999999999999900e+000
1.819999999999999900e+001 -2.089999999999999900e+000
1.830000000000000100e+001 -2.089999999999999900e+000
1.839999999999999900e+001 -2.089999999999999900e+000
1.850000000000000000e+001 -2.089999999999999900e+000
1.860000000000000100e+001 -2.089999999999999900e+000
1.869999999999999900e+001 -2.100000000000000100e+000
1.880000000000000100e+001 -2.100000000000000100e+000
1.889999999999999900e+001 -2.100000000000000100e+000
1.900000000000000000e+001 -2.100000000000000100e+000
1.910000000000000100e+001 -2.100000000000000100e+000
1.919999999999999900e+001 -2.109999999999999900e+000
1.930000000000000100e+001 -2.109999999999999900e+000
1.939999999999999900e+001 -2.109999999999999900e+000
1.950000000000000000e+001 -2.109999999999999900e+000
1.960000000000000100e+001 -2.109999999999999900e+000
1.969999999999999900e+001 -2.109999999999999900e+000
1.980000000000000100e+001 -2.120000000000000100e+000
1.989999999999999900e+001 -2.120000000000000100e+000
2.000000000000000000e+001 -2.120000000000000100e+000
2.010000000000000100e+001 -2.120000000000000100e+000
2.019999999999999900e+001 -2.120000000000000100e+000
2.030000000000000100e+001 -2.120000000000000100e+000
2.039999999999999900e+001 -2.129999999999999900e+000
2.050000000000000000e+001 -2.129999999999999900e+000
2.060000000000000100e+001 -2.129999999999999900e+000
2.069999999999999900e+001 -2.129999999999999900e+000
2.080000000000000100e+001 -2.129999999999999900e+000
2.089999999999999900e+001 -2.129999999999999900e+000
2.100000000000000000e+001 -2.129999999999999900e+000
2.110000000000000100e+001 -2.140000000000000100e+000
2.119999999999999900e+001 -2.140000000000000100e+000
2.130000000000000100e+001 -2.140000000000000100e+000
2.139999999999999900e+001 -2.140000000000000100e+000
2.150000000000000000e+001 -2.140000000000000100e+000
2.160000000000000100e+001 -2.140000000000000100e+000
2.169999999999999900e+001 -2.140000000000000100e+000
2.180000000000000100e+001 -2.140000000000000100e+000
2.189999999999999900e+001 -2.149999999999999900e+000
2.200000000000000000e+001 -2.149999999999999900e+000
2.210000000000000100e+001 -2.149999999999999900e+000
2.219999999999999900e+001 -2.149999999999999900e+000
2.230000000000000100e+001 -2.149999999999999900e+000
2.239999999999999900e+001 -2.149999999999999900e+000
2.250000000000000000e+001 -2.149999999999999900e+000
2.260000000000000100e+001 -2.160000000000000100e+000
2.269999999999999900e+001 -2.160000000000000100e+000
2.280000000000000100e+001 -2.160000000000000100e+000
2.289999999999999900e+001 -2.160000000000000100e+000
2.300000000000000000e+001 -2.160000000000000100e+000
2.310000000000000100e+001 -2.160000000000000100e+000
2.319999999999999900e+001 -2.160000000000000100e+000
2.330000000000000100e+001 -2.160000000000000100e+000
2.339999999999999900e+001 -2.160000000000000100e+000
2.350000000000000000e+001 -2.160000000000000100e+000
2.360000000000000100e+001 -2.160000000000000100e+000
2.369999999999999900e+001 -2.169999999999999900e+000
2.380000000000000100e+001 -2.169999999999999900e+000
2.389999999999999900e+001 -2.169999999999999900e+000
2.400000000000000000e+001 -2.169999999999999900e+000
2.410000000000000100e+001 -2.169999999999999900e+000
2.419999999999999900e+001 -2.169999999999999900e+000
2.430000000000000100e+001 -2.169999999999999900e+000
2.439999999999999900e+001 -2.169999999999999900e+000
2.450000000000000000e+001 -2.169999999999999900e+000
2.460000000000000100e+001 -2.180000000000000200e+000
2.469999999999999900e+001 -2.180000000000000200e+000
2.480000000000000100e+001 -2.180000000000000200e+000
2.489999999999999900e+001 -2.180000000000000200e+000
2.500000000000000000e+001 -2.180000000000000200e+000
2.510000000000000100e+001 -2.180000000000000200e+000
2.519999999999999900e+001 -2.180000000000000200e+000
2.530000000000000100e+001 -2.180000000000000200e+000
2.539999999999999900e+001 -2.180000000000000200e+000
2.550000000000000000e+001 -2.180000000000000200e+000
2.560000000000000100e+001 -2.180000000000000200e+000
2.569999999999999900e+001 -2.180000000000000200e+000
2.580000000000000100e+001 -2.180000000000000200e+000
2.589999999999999900e+001 -2.180000000000000200e+000
2.600000000000000000e+001 -2.180000000000000200e+000
2.610000000000000100e+001 -2.189999999999999900e+000
2.619999999999999900e+001 -2.189999999999999900e+000
2.630000000000000100e+001 -2.189999999999999900e+000
2.639999999999999900e+001 -2.189999999999999900e+000
2.650000000000000000e+001 -2.189999999999999900e+000
2.660000000000000100e+001 -2.189999999999999900e+000
2.669999999999999900e+001 -2.189999999999999900e+000
2.680000000000000100e+001 -2.189999999999999900e+000
2.689999999999999900e+001 -2.189999999999999900e+000
2.700000000000000000e+001 -2.189999999999999900e+000
2.710000000000000100e+001 -2.189999999999999900e+000
2.719999999999999900e+001 -2.189999999999999900e+000
2.730000000000000100e+001 -2.189999999999999900e+000
2.739999999999999900e+001 -2.200000000000000200e+000
2.750000000000000000e+001 -2.200000000000000200e+000
2.760000000000000100e+001 -2.200000000000000200e+000
2.769999999999999900e+001 -2.200000000000000200e+000
2.780000000000000100e+001 -2.189999999999999900e+000
2.789999999999999900e+001 -2.189999999999999900e+000
2.800000000000000000e+001 -2.189999999999999900e+000
2.810000000000000100e+001 -2.200000000000000200e+000
2.819999999999999900e+001 -2.200000000000000200e+000
2.830000000000000100e+001 -2.200000000000000200e+000
2.839999999999999900e+001 -2.200000000000000200e+000
2.850000000000000000e+001 -2.200000000000000200e+000
2.860000000000000100e+001 -2.200000000000000200e+000
2.869999999999999900e+001 -2.200000000000000200e+000
2.880000000000000100e+001 -2.200000000000000200e+000
2.889999999999999900e+001 -2.200000000000000200e+000
2.900000000000000000e+001 -2.200000000000000200e+000
2.910000000000000100e+001 -2.210000000000000000e+000
2.919999999999999900e+001 -2.210000000000000000e+000
2.930000000000000100e+001 -2.210000000000000000e+000
2.939999999999999900e+001 -2.210000000000000000e+000
2.950000000000000000e+001 -2.200000000000000200e+000
2.960000000000000100e+001 -2.200000000000000200e+000
2.969999999999999900e+001 -2.200000000000000200e+000
2.980000000000000100e+001 -2.200000000000000200e+000
2.989999999999999900e+001 -2.210000000000000000e+000
3.000000000000000000e+001 -2.210000000000000000e+000
3.010000000000000100e+001 -2.210000000000000000e+000
3.019999999999999900e+001 -2.210000000000000000e+000
3.030000000000000100e+001 -2.210000000000000000e+000
3.039999999999999900e+001 -2.210000000000000000e+000
3.050000000000000000e+001 -2.210000000000000000e+000
3.060000000000000100e+001 -2.210000000000000000e+000
3.069999999999999900e+001 -2.210000000000000000e+000
3.080000000000000100e+001 -2.210000000000000000e+000
3.089999999999999900e+001 -2.210000000000000000e+000
3.100000000000000000e+001 -2.210000000000000000e+000
3.110000000000000100e+001 -2.210000000000000000e+000
3.119999999999999900e+001 -2.210000000000000000e+000
3.130000000000000100e+001 -2.210000000000000000e+000
3.139999999999999900e+001 -2.210000000000000000e+000
3.150000000000000000e+001 -2.210000000000000000e+000
3.160000000000000100e+001 -2.210000000000000000e+000
3.169999999999999900e+001 -2.210000000000000000e+000
3.180000000000000100e+001 -2.220000000000000200e+000
3.189999999999999900e+001 -2.220000000000000200e+000
3.200000000000000000e+001 -2.220000000000000200e+000
3.210000000000000100e+001 -2.220000000000000200e+000
3.220000000000000300e+001 -2.220000000000000200e+000
3.229999999999999700e+001 -2.210000000000000000e+000
3.239999999999999900e+001 -2.210000000000000000e+000
3.250000000000000000e+001 -2.210000000000000000e+000
3.260000000000000100e+001 -2.210000000000000000e+000
3.270000000000000300e+001 -2.220000000000000200e+000
3.279999999999999700e+001 -2.220000000000000200e+000
3.289999999999999900e+001 -2.220000000000000200e+000
3.300000000000000000e+001 -2.220000000000000200e+000
3.310000000000000100e+001 -2.220000000000000200e+000
3.320000000000000300e+001 -2.220000000000000200e+000
3.329999999999999700e+001 -2.210000000000000000e+000
3.339999999999999900e+001 -2.210000000000000000e+000
3.350000000000000000e+001 -2.220000000000000200e+000
3.360000000000000100e+001 -2.220000000000000200e+000
3.370000000000000300e+001 -2.220000000000000200e+000
3.379999999999999700e+001 -2.220000000000000200e+000
3.389999999999999900e+001 -2.220000000000000200e+000
3.400000000000000000e+001 -2.220000000000000200e+000
3.410000000000000100e+001 -2.220000000000000200e+000
3.420000000000000300e+001 -2.220000000000000200e+000
3.429999999999999700e+001 -2.220000000000000200e+000
3.439999999999999900e+001 -2.220000000000000200e+000
3.450000000000000000e+001 -2.220000000000000200e+000
3.460000000000000100e+001 -2.220000000000000200e+000
3.470000000000000300e+001 -2.220000000000000200e+000
3.479999999999999700e+001 -2.230000000000000000e+000
3.489999999999999900e+001 -2.230000000000000000e+000
3.500000000000000000e+001 -2.220000000000000200e+000
3.510000000000000100e+001 -2.220000000000000200e+000
3.520000000000000300e+001 -2.220000000000000200e+000
3.529999999999999700e+001 -2.220000000000000200e+000
3.539999999999999900e+001 -2.220000000000000200e+000
3.550000000000000000e+001 -2.220000000000000200e+000
3.560000000000000100e+001 -2.220000000000000200e+000
3.570000000000000300e+001 -2.220000000000000200e+000
3.579999999999999700e+001 -2.220000000000000200e+000
3.589999999999999900e+001 -2.220000000000000200e+000
3.600000000000000000e+001 -2.220000000000000200e+000
3.610000000000000100e+001 -2.220000000000000200e+000
3.620000000000000300e+001 -2.220000000000000200e+000
3.629999999999999700e+001 -2.220000000000000200e+000
3.639999999999999900e+001 -2.230000000000000000e+000
3.650000000000000000e+001 -2.230000000000000000e+000
3.660000000000000100e+001 -2.230000000000000000e+000
3.670000000000000300e+001 -2.230000000000000000e+000
3.679999999999999700e+001 -2.230000000000000000e+000
3.689999999999999900e+001 -2.220000000000000200e+000
3.700000000000000000e+001 -2.220000000000000200e+000
3.710000000000000100e+001 -2.220000000000000200e+000
3.720000000000000300e+001 -2.230000000000000000e+000
3.729999999999999700e+001 -2.230000000000000000e+000
3.739999999999999900e+001 -2.230000000000000000e+000
3.750000000000000000e+001 -2.230000000000000000e+000
3.760000000000000100e+001 -2.230000000000000000e+000
3.770000000000000300e+001 -2.230000000000000000e+000
3.779999999999999700e+001 -2.230000000000000000e+000
3.789999999999999900e+001 -2.230000000000000000e+000
3.800000000000000000e+001 -2.220000000000000200e+000
3.810000000000000100e+001 -2.220000000000000200e+000
3.820000000000000300e+001 -2.220000000000000200e+000
3.829999999999999700e+001 -2.230000000000000000e+000
3.839999999999999900e+001 -2.230000000000000000e+000
3.850000000000000000e+001 -2.230000000000000000e+000
3.860000000000000100e+001 -2.230000000000000000e+000
3.870000000000000300e+001 -2.230000000000000000e+000
3.879999999999999700e+001 -2.230000000000000000e+000
3.889999999999999900e+001 -2.230000000000000000e+000
3.900000000000000000e+001 -2.230000000000000000e+000
3.910000000000000100e+001 -2.230000000000000000e+000
3.920000000000000300e+001 -2.230000000000000000e+000
3.929999999999999700e+001 -2.230000000000000000e+000
3.939999999999999900e+001 -2.230000000000000000e+000
3.950000000000000000e+001 -2.230000000000000000e+000
3.960000000000000100e+001 -2.230000000000000000e+000
3.970000000000000300e+001 -2.220000000000000200e+000
3.979999999999999700e+001 -2.220000000000000200e+000
3.989999999999999900e+001 -2.230000000000000000e+000
4.000000000000000000e+001 -2.230000000000000000e+000
4.010000000000000100e+001 -2.230000000000000000e+000
4.020000000000000300e+001 -2.230000000000000000e+000
4.029999999999999700e+001 -2.230000000000000000e+000
4.039999999999999900e+001 -2.230000000000000000e+000
4.050000000000000000e+001 -2.230000000000000000e+000
4.060000000000000100e+001 -2.230000000000000000e+000
4.070000000000000300e+001 -2.230000000000000000e+000
4.079999999999999700e+001 -2.230000000000000000e+000
4.089999999999999900e+001 -2.230000000000000000e+000
4.100000000000000000e+001 -2.230000000000000000e+000
4.110000000000000100e+001 -2.230000000000000000e+000
4.120000000000000300e+001 -2.230000000000000000e+000
4.129999999999999700e+001 -2.230000000000000000e+000
4.139999999999999900e+001 -2.230000000000000000e+000
4.150000000000000000e+001 -2.230000000000000000e+000
4.160000000000000100e+001 -2.230000000000000000e+000
4.170000000000000300e+001 -2.230000000000000000e+000
4.179999999999999700e+001 -2.230000000000000000e+000
4.189999999999999900e+001 -2.230000000000000000e+000
4.200000000000000000e+001 -2.230000000000000000e+000
4.210000000000000100e+001 -2.230000000000000000e+000
4.220000000000000300e+001 -2.230000000000000000e+000
4.229999999999999700e+001 -2.230000000000000000e+000
4.239999999999999900e+001 -2.230000000000000000e+000
4.250000000000000000e+001 -2.230000000000000000e+000
4.260000000000000100e+001 -2.230000000000000000e+000
4.270000000000000300e+001 -2.230000000000000000e+000
4.279999999999999700e+001 -2.230000000000000000e+000
4.289999999999999900e+001 -2.230000000000000000e+000
4.300000000000000000e+001 -2.230000000000000000e+000
4.310000000000000100e+001 -2.230000000000000000e+000
4.320000000000000300e+001 -2.230000000000000000e+000
4.329999999999999700e+001 -2.230000000000000000e+000
4.339999999999999900e+001 -2.230000000000000000e+000
4.350000000000000000e+001 -2.230000000000000000e+000
4.360000000000000100e+001 -2.230000000000000000e+000
4.370000000000000300e+001 -2.230000000000000000e+000
4.379999999999999700e+001 -2.230000000000000000e+000
4.389999999999999900e+001 -2.230000000000000000e+000
4.400000000000000000e+001 -2.230000000000000000e+000
4.410000000000000100e+001 -2.230000000000000000e+000
4.420000000000000300e+001 -2.230000000000000000e+000
4.429999999999999700e+001 -2.230000000000000000e+000
4.439999999999999900e+001 -2.230000000000000000e+000
4.450000000000000000e+001 -2.230000000000000000e+000
4.460000000000000100e+001 -2.230000000000000000e+000
4.470000000000000300e+001 -2.230000000000000000e+000
4.479999999999999700e+001 -2.230000000000000000e+000
4.489999999999999900e+001 -2.230000000000000000e+000
4.500000000000000000e+001 -2.230000000000000000e+000
4.510000000000000100e+001 -2.230000000000000000e+000
4.520000000000000300e+001 -2.230000000000000000e+000
4.529999999999999700e+001 -2.230000000000000000e+000
4.539999999999999900e+001 -2.230000000000000000e+000
4.550000000000000000e+001 -2.230000000000000000e+000
4.560000000000000100e+001 -2.230000000000000000e+000
4.570000000000000300e+001 -2.230000000000000000e+000
4.579999999999999700e+001 -2.230000000000000000e+000
4.589999999999999900e+001 -2.230000000000000000e+000
4.600000000000000000e+001 -2.230000000000000000e+000
4.610000000000000100e+001 -2.230000000000000000e+000
4.620000000000000300e+001 -2.230000000000000000e+000
4.629999999999999700e+001 -2.230000000000000000e+000
4.639999999999999900e+001 -2.230000000000000000e+000
4.650000000000000000e+001 -2.230000000000000000e+000
4.660000000000000100e+001 -2.230000000000000000e+000
4.670000000000000300e+001 -2.230000000000000000e+000
4.679999999999999700e+001 -2.230000000000000000e+000
4.689999999999999900e+001 -2.230000000000000000e+000
4.700000000000000000e+001 -2.230000000000000000e+000
4.710000000000000100e+001 -2.230000000000000000e+000
4.720000000000000300e+001 -2.230000000000000000e+000
4.729999999999999700e+001 -2.230000000000000000e+000
4.739999999999999900e+001 -2.230000000000000000e+000
4.750000000000000000e+001 -2.230000000000000000e+000
4.760000000000000100e+001 -2.230000000000000000e+000
4.770000000000000300e+001 -2.230000000000000000e+000
4.779999999999999700e+001 -2.230000000000000000e+000
4.789999999999999900e+001 -2.230000000000000000e+000
4.800000000000000000e+001 -2.230000000000000000e+000
4.810000000000000100e+001 -2.230000000000000000e+000
4.820000000000000300e+001 -2.230000000000000000e+000
4.829999999999999700e+001 -2.230000000000000000e+000
4.839999999999999900e+001 -2.230000000000000000e+000
4.850000000000000000e+001 -2.230000000000000000e+000
4.860000000000000100e+001 -2.230000000000000000e+000
4.870000000000000300e+001 -2.230000000000000000e+000
4.879999999999999700e+001 -2.230000000000000000e+000
4.889999999999999900e+001 -2.230000000000000000e+000
4.900000000000000000e+001 -2.230000000000000000e+000
4.910000000000000100e+001 -2.230000000000000000e+000
4.920000000000000300e+001 -2.230000000000000000e+000
4.929999999999999700e+001 -2.230000000000000000e+000
4.939999999999999900e+001 -2.230000000000000000e+000
4.950000000000000000e+001 -2.230000000000000000e+000
4.960000000000000100e+001 -2.230000000000000000e+000
4.970000000000000300e+001 -2.230000000000000000e+000
4.979999999999999700e+001 -2.230000000000000000e+000
4.989999999999999900e+001 -2.230000000000000000e+000
5.000000000000000000e+001 -2.230000000000000000e+000
5.010000000000000100e+001 -2.230000000000000000e+000
5.020000000000000300e+001 -2.230000000000000000e+000
5.029999999999999700e+001 -2.230000000000000000e+000
5.039999999999999900e+001 -2.230000000000000000e+000
5.050000000000000000e+001 -2.230000000000000000e+000
5.060000000000000100e+001 -2.230000000000000000e+000
5.070000000000000300e+001 -2.230000000000000000e+000
5.079999999999999700e+001 -2.230000000000000000e+000
5.089999999999999900e+001 -2.230000000000000000e+000
5.100000000000000000e+001 -2.230000000000000000e+000
5.110000000000000100e+001 -2.230000000000000000e+000
5.120000000000000300e+001 -2.230000000000000000e+000
5.129999999999999700e+001 -2.230000000000000000e+000
5.139999999999999900e+001 -2.230000000000000000e+000
5.150000000000000000e+001 -2.230000000000000000e+000
5.160000000000000100e+001 -2.230000000000000000e+000
5.170000000000000300e+001 -2.230000000000000000e+000
5.179999999999999700e+001 -2.230000000000000000e+000
5.189999999999999900e+001 -2.230000000000000000e+000
5.200000000000000000e+001 -2.230000000000000000e+000
5.210000000000000100e+001 -2.230000000000000000e+000
5.220000000000000300e+001 -2.230000000000000000e+000
5.229999999999999700e+001 -2.230000000000000000e+000
5.239999999999999900e+001 -2.230000000000000000e+000
5.250000000000000000e+001 -2.230000000000000000e+000
5.260000000000000100e+001 -2.230000000000000000e+000
5.270000000000000300e+001 -2.230000000000000000e+000
5.279999999999999700e+001 -2.230000000000000000e+000
5.289999999999999900e+001 -2.230000000000000000e+000
5.300000000000000000e+001 -2.230000000000000000e+000
5.310000000000000100e+001 -2.230000000000000000e+000
5.320000000000000300e+001 -2.230000000000000000e+000
5.329999999999999700e+001 -2.230000000000000000e+000
5.339999999999999900e+001 -2.230000000000000000e+000
5.350000000000000000e+001 -2.230000000000000000e+000
5.360000000000000100e+001 -2.230000000000000000e+000
5.370000000000000300e+001 -2.230000000000000000e+000
5.379999999999999700e+001 -2.230000000000000000e+000
5.389999999999999900e+001 -2.230000000000000000e+000
5.400000000000000000e+001 -2.230000000000000000e+000
5.410000000000000100e+001 -2.230000000000000000e+000
5.420000000000000300e+001 -2.230000000000000000e+000
5.429999999999999700e+001 -2.230000000000000000e+000
5.439999999999999900e+001 -2.230000000000000000e+000
5.450000000000000000e+001 -2.230000000000000000e+000
5.460000000000000100e+001 -2.230000000000000000e+000
5.470000000000000300e+001 -2.230000000000000000e+000
5.479999999999999700e+001 -2.230000000000000000e+000
5.489999999999999900e+001 -2.230000000000000000e+000
5.500000000000000000e+001 -2.230000000000000000e+000
5.510000000000000100e+001 -2.230000000000000000e+000
5.520000000000000300e+001 -2.230000000000000000e+000
5.529999999999999700e+001 -2.230000000000000000e+000
5.539999999999999900e+001 -2.230000000000000000e+000
5.550000000000000000e+001 -2.230000000000000000e+000
5.560000000000000100e+001 -2.230000000000000000e+000
5.570000000000000300e+001 -2.230000000000000000e+000
5.579999999999999700e+001 -2.230000000000000000e+000
5.589999999999999900e+001 -2.230000000000000000e+000
5.600000000000000000e+001 -2.230000000000000000e+000
5.610000000000000100e+001 -2.230000000000000000e+000
5.620000000000000300e+001 -2.230000000000000000e+000
5.629999999999999700e+001 -2.230000000000000000e+000
5.639999999999999900e+001 -2.230000000000000000e+000
5.650000000000000000e+001 -2.230000000000000000e+000
5.660000000000000100e+001 -2.230000000000000000e+000
5.670000000000000300e+001 -2.230000000000000000e+000
5.679999999999999700e+001 -2.230000000000000000e+000
5.689999999999999900e+001 -2.230000000000000000e+000
5.700000000000000000e+001 -2.230000000000000000e+000
5.710000000000000100e+001 -2.230000000000000000e+000
5.720000000000000300e+001 -2.230000000000000000e+000
5.729999999999999700e+001 -2.230000000000000000e+000
5.739999999999999900e+001 -2.230000000000000000e+000
5.750000000000000000e+001 -2.230000000000000000e+000
5.760000000000000100e+001 -2.230000000000000000e+000
5.770000000000000300e+001 -2.230000000000000000e+000
5.779999999999999700e+001 -2.230000000000000000e+000
5.789999999999999900e+001 -2.230000000000000000e+000
5.800000000000000000e+001 -2.230000000000000000e+000
5.810000000000000100e+001 -2.230000000000000000e+000
5.820000000000000300e+001 -2.230000000000000000e+000
5.829999999999999700e+001 -2.230000000000000000e+000
5.839999999999999900e+001 -2.230000000000000000e+000
5.850000000000000000e+001 -2.230000000000000000e+000
5.860000000000000100e+001 -2.230000000000000000e+000
5.870000000000000300e+001 -2.230000000000000000e+000
5.879999999999999700e+001 -2.230000000000000000e+000
5.889999999999999900e+001 -2.230000000000000000e+000
5.900000000000000000e+001 -2.230000000000000000e+000
5.910000000000000100e+001 -2.230000000000000000e+000
5.920000000000000300e+001 -2.230000000000000000e+000
5.929999999999999700e+001 -2.230000000000000000e+000
5.939999999999999900e+001 -2.230000000000000000e+000
5.950000000000000000e+001 -2.230000000000000000e+000
5.960000000000000100e+001 -2.230000000000000000e+000
5.970000000000000300e+001 -2.230000000000000000e+000
5.979999999999999700e+001 -2.230000000000000000e+000
5.989999999999999900e+001 -2.230000000000000000e+000
6.000000000000000000e+001 -2.230000000000000000e+000
6.010000000000000100e+001 -2.230000000000000000e+000
6.020000000000000300e+001 -2.230000000000000000e+000
6.029999999999999700e+001 -2.230000000000000000e+000
6.039999999999999900e+001 -2.230000000000000000e+000
6.050000000000000000e+001 -2.230000000000000000e+000
6.060000000000000100e+001 -2.230000000000000000e+000
6.070000000000000300e+001 -2.230000000000000000e+000
6.079999999999999700e+001 -2.230000000000000000e+000
6.089999999999999900e+001 -2.230000000000000000e+000
6.100000000000000000e+001 -2.230000000000000000e+000
6.110000000000000100e+001 -2.230000000000000000e+000
6.120000000000000300e+001 -2.230000000000000000e+000
6.129999999999999700e+001 -2.230000000000000000e+000
6.139999999999999900e+001 -2.230000000000000000e+000
6.150000000000000000e+001 -2.230000000000000000e+000
6.160000000000000100e+001 -2.230000000000000000e+000
6.170000000000000300e+001 -2.230000000000000000e+000
6.179999999999999700e+001 -2.230000000000000000e+000
6.189999999999999900e+001 -2.230000000000000000e+000
6.200000000000000000e+001 -2.230000000000000000e+000
6.210000000000000100e+001 -2.230000000000000000e+000
6.220000000000000300e+001 -2.230000000000000000e+000
6.229999999999999700e+001 -2.230000000000000000e+000
6.239999999999999900e+001 -2.230000000000000000e+000
6.250000000000000000e+001 -2.230000000000000000e+000
6.260000000000000100e+001 -2.230000000000000000e+000
6.270000000000000300e+001 -2.230000000000000000e+000
6.279999999999999700e+001 -2.230000000000000000e+000
6.289999999999999900e+001 -2.230000000000000000e+000
6.300000000000000000e+001 -2.230000000000000000e+000
6.310000000000000100e+001 -2.230000000000000000e+000
6.320000000000000300e+001 -2.230000000000000000e+000
6.329999999999999700e+001 -2.230000000000000000e+000
6.339999999999999900e+001 -2.230000000000000000e+000
6.350000000000000000e+001 -2.230000000000000000e+000
6.360000000000000100e+001 -2.230000000000000000e+000
6.370000000000000300e+001 -2.230000000000000000e+000
6.379999999999999700e+001 -2.230000000000000000e+000
6.389999999999999900e+001 -2.230000000000000000e+000
6.400000000000000000e+001 -2.230000000000000000e+000
6.409999999999999400e+001 -2.230000000000000000e+000
6.420000000000000300e+001 -2.230000000000000000e+000
6.429999999999999700e+001 -2.230000000000000000e+000
6.440000000000000600e+001 -2.230000000000000000e+000
6.450000000000000000e+001 -2.230000000000000000e+000
6.459999999999999400e+001 -2.230000000000000000e+000
6.470000000000000300e+001 -2.230000000000000000e+000
6.479999999999999700e+001 -2.230000000000000000e+000
6.490000000000000600e+001 -2.230000000000000000e+000
6.500000000000000000e+001 -2.230000000000000000e+000
6.509999999999999400e+001 -2.230000000000000000e+000
6.520000000000000300e+001 -2.230000000000000000e+000
6.529999999999999700e+001 -2.230000000000000000e+000
6.540000000000000600e+001 -2.230000000000000000e+000
6.550000000000000000e+001 -2.230000000000000000e+000
6.559999999999999400e+001 -2.230000000000000000e+000
6.570000000000000300e+001 -2.230000000000000000e+000
6.579999999999999700e+001 -2.230000000000000000e+000
6.590000000000000600e+001 -2.230000000000000000e+000
6.600000000000000000e+001 -2.230000000000000000e+000
6.609999999999999400e+001 -2.230000000000000000e+000
6.620000000000000300e+001 -2.230000000000000000e+000
6.629999999999999700e+001 -2.230000000000000000e+000
6.640000000000000600e+001 -2.230000000000000000e+000
6.650000000000000000e+001 -2.230000000000000000e+000
6.659999999999999400e+001 -2.230000000000000000e+000
6.670000000000000300e+001 -2.230000000000000000e+000
6.679999999999999700e+001 -2.230000000000000000e+000
6.690000000000000600e+001 -2.230000000000000000e+000
6.700000000000000000e+001 -2.230000000000000000e+000
6.709999999999999400e+001 -2.230000000000000000e+000
6.720000000000000300e+001 -2.230000000000000000e+000
6.729999999999999700e+001 -2.230000000000000000e+000
6.740000000000000600e+001 -2.230000000000000000e+000
6.750000000000000000e+001 -2.230000000000000000e+000
6.759999999999999400e+001 -2.230000000000000000e+000
6.770000000000000300e+001 -2.230000000000000000e+000
6.779999999999999700e+001 -2.230000000000000000e+000
6.790000000000000600e+001 -2.230000000000000000e+000
6.800000000000000000e+001 -2.230000000000000000e+000
6.809999999999999400e+001 -2.230000000000000000e+000
6.820000000000000300e+001 -2.230000000000000000e+000
6.829999999999999700e+001 -2.230000000000000000e+000
6.840000000000000600e+001 -2.230000000000000000e+000
6.850000000000000000e+001 -2.230000000000000000e+000
6.859999999999999400e+001 -2.230000000000000000e+000
6.870000000000000300e+001 -2.230000000000000000e+000
6.879999999999999700e+001 -2.230000000000000000e+000
6.890000000000000600e+001 -2.230000000000000000e+000
6.900000000000000000e+001 -2.230000000000000000e+000
6.909999999999999400e+001 -2.230000000000000000e+000
6.920000000000000300e+001 -2.230000000000000000e+000
6.929999999999999700e+001 -2.230000000000000000e+000
6.940000000000000600e+001 -2.230000000000000000e+000
6.950000000000000000e+001 -2.230000000000000000e+000
6.959999999999999400e+001 -2.230000000000000000e+000
6.970000000000000300e+001 -2.230000000000000000e+000
6.979999999999999700e+001 -2.230000000000000000e+000
6.990000000000000600e+001 -2.230000000000000000e+000
7.000000000000000000e+001 -2.230000000000000000e+000
7.009999999999999400e+001 -2.230000000000000000e+000
7.020000000000000300e+001 -2.230000000000000000e+000
7.029999999999999700e+001 -2.230000000000000000e+000
7.040000000000000600e+001 -2.230000000000000000e+000
7.050000000000000000e+001 -2.230000000000000000e+000
7.059999999999999400e+001 -2.230000000000000000e+000
7.070000000000000300e+001 -2.230000000000000000e+000
7.079999999999999700e+001 -2.230000000000000000e+000
7.090000000000000600e+001 -2.230000000000000000e+000
7.100000000000000000e+001 -2.230000000000000000e+000
7.109999999999999400e+001 -2.230000000000000000e+000
7.120000000000000300e+001 -2.230000000000000000e+000
7.129999999999999700e+001 -2.230000000000000000e+000
7.140000000000000600e+001 -2.230000000000000000e+000
7.150000000000000000e+001 -2.230000000000000000e+000
7.159999999999999400e+001 -2.230000000000000000e+000
7.170000000000000300e+001 -2.230000000000000000e+000
7.179999999999999700e+001 -2.230000000000000000e+000
7.190000000000000600e+001 -2.230000000000000000e+000
7.200000000000000000e+001 -2.230000000000000000e+000
7.209999999999999400e+001 -2.230000000000000000e+000
7.220000000000000300e+001 -2.230000000000000000e+000
7.229999999999999700e+001 -2.230000000000000000e+000
7.240000000000000600e+001 -2.230000000000000000e+000
7.250000000000000000e+001 -2.230000000000000000e+000
7.259999999999999400e+001 -2.230000000000000000e+000
7.270000000000000300e+001 -2.230000000000000000e+000
7.279999999999999700e+001 -2.230000000000000000e+000
7.290000000000000600e+001 -2.230000000000000000e+000
7.300000000000000000e+001 -2.230000000000000000e+000
7.309999999999999400e+001 -2.230000000000000000e+000
7.320000000000000300e+001 -2.230000000000000000e+000
7.329999999999999700e+001 -2.230000000000000000e+000
7.340000000000000600e+001 -2.230000000000000000e+000
7.350000000000000000e+001 -2.230000000000000000e+000
7.359999999999999400e+001 -2.230000000000000000e+000
7.370000000000000300e+001 -2.230000000000000000e+000
7.379999999999999700e+001 -2.230000000000000000e+000
7.390000000000000600e+001 -2.230000000000000000e+000
7.400000000000000000e+001 -2.230000000000000000e+000
7.409999999999999400e+001 -2.230000000000000000e+000
7.420000000000000300e+001 -2.230000000000000000e+000
7.429999999999999700e+001 -2.230000000000000000e+000
7.440000000000000600e+001 -2.230000000000000000e+000
7.450000000000000000e+001 -2.230000000000000000e+000
7.459999999999999400e+001 -2.230000000000000000e+000
7.470000000000000300e+001 -2.230000000000000000e+000
7.479999999999999700e+001 -2.230000000000000000e+000
7.490000000000000600e+001 -2.230000000000000000e+000
7.500000000000000000e+001 -2.230000000000000000e+000
7.509999999999999400e+001 -2.230000000000000000e+000
7.520000000000000300e+001 -2.230000000000000000e+000
7.529999999999999700e+001 -2.230000000000000000e+000
7.540000000000000600e+001 -2.230000000000000000e+000
7.550000000000000000e+001 -2.230000000000000000e+000
7.559999999999999400e+001 -2.230000000000000000e+000
7.570000000000000300e+001 -2.230000000000000000e+000
7.579999999999999700e+001 -2.230000000000000000e+000
7.590000000000000600e+001 -2.230000000000000000e+000
7.600000000000000000e+001 -2.230000000000000000e+000
7.609999999999999400e+001 -2.230000000000000000e+000
7.620000000000000300e+001 -2.230000000000000000e+000
7.629999999999999700e+001 -2.230000000000000000e+000
7.640000000000000600e+001 -2.230000000000000000e+000
7.650000000000000000e+001 -2.230000000000000000e+000
7.659999999999999400e+001 -2.230000000000000000e+000
7.670000000000000300e+001 -2.230000000000000000e+000
7.679999999999999700e+001 -2.230000000000000000e+000
7.690000000000000600e+001 -2.230000000000000000e+000
7.700000000000000000e+001 -2.230000000000000000e+000
7.709999999999999400e+001 -2.230000000000000000e+000
7.720000000000000300e+001 -2.230000000000000000e+000
7.729999999999999700e+001 -2.230000000000000000e+000
7.740000000000000600e+001 -2.230000000000000000e+000
7.750000000000000000e+001 -2.230000000000000000e+000
7.759999999999999400e+001 -2.230000000000000000e+000
7.770000000000000300e+001 -2.230000000000000000e+000
7.779999999999999700e+001 -2.230000000000000000e+000
7.790000000000000600e+001 -2.230000000000000000e+000
7.800000000000000000e+001 -2.230000000000000000e+000
7.809999999999999400e+001 -2.230000000000000000e+000
7.820000000000000300e+001 -2.230000000000000000e+000
7.829999999999999700e+001 -2.230000000000000000e+000
7.840000000000000600e+001 -2.230000000000000000e+000
7.850000000000000000e+001 -2.230000000000000000e+000
7.859999999999999400e+001 -2.230000000000000000e+000
7.870000000000000300e+001 -2.230000000000000000e+000
7.879999999999999700e+001 -2.230000000000000000e+000
7.890000000000000600e+001 -2.230000000000000000e+000
7.900000000000000000e+001 -2.230000000000000000e+000
7.909999999999999400e+001 -2.230000000000000000e+000
7.920000000000000300e+001 -2.230000000000000000e+000
7.929999999999999700e+001 -2.230000000000000000e+000
7.940000000000000600e+001 -2.230000000000000000e+000
7.950000000000000000e+001 -2.230000000000000000e+000
7.959999999999999400e+001 -2.230000000000000000e+000
7.970000000000000300e+001 -2.230000000000000000e+000
7.979999999999999700e+001 -2.230000000000000000e+000
7.990000000000000600e+001 -2.230000000000000000e+000
8.000000000000000000e+001 -2.230000000000000000e+000
8.009999999999999400e+001 -2.230000000000000000e+000
8.020000000000000300e+001 -2.230000000000000000e+000
8.029999999999999700e+001 -2.230000000000000000e+000
8.040000000000000600e+001 -2.230000000000000000e+000
8.050000000000000000e+001 -2.230000000000000000e+000
8.059999999999999400e+001 -2.230000000000000000e+000
8.070000000000000300e+001 -2.230000000000000000e+000
8.079999999999999700e+001 -2.230000000000000000e+000
8.090000000000000600e+001 -2.230000000000000000e+000
8.100000000000000000e+001 -2.230000000000000000e+000
8.109999999999999400e+001 -2.230000000000000000e+000
8.120000000000000300e+001 -2.230000000000000000e+000
8.129999999999999700e+001 -2.230000000000000000e+000
8.140000000000000600e+001 -2.230000000000000000e+000
8.150000000000000000e+001 -2.230000000000000000e+000
8.159999999999999400e+001 -2.230000000000000000e+000
8.170000000000000300e+001 -2.230000000000000000e+000
8.179999999999999700e+001 -2.230000000000000000e+000
8.190000000000000600e+001 -2.230000000000000000e+000
8.200000000000000000e+001 -2.230000000000000000e+000
8.209999999999999400e+001 -2.230000000000000000e+000
8.220000000000000300e+001 -2.230000000000000000e+000
8.229999999999999700e+001 -2.230000000000000000e+000
8.240000000000000600e+001 -2.230000000000000000e+000
8.250000000000000000e+001 -2.230000000000000000e+000
8.259999999999999400e+001 -2.230000000000000000e+000
8.270000000000000300e+001 -2.230000000000000000e+000
8.279999999999999700e+001 -2.230000000000000000e+000
8.290000000000000600e+001 -2.230000000000000000e+000
8.300000000000000000e+001 -2.230000000000000000e+000
8.309999999999999400e+001 -2.230000000000000000e+000
8.320000000000000300e+001 -2.230000000000000000e+000
8.329999999999999700e+001 -2.230000000000000000e+000
8.340000000000000600e+001 -2.230000000000000000e+000
8.350000000000000000e+001 -2.230000000000000000e+000
8.359999999999999400e+001 -2.230000000000000000e+000
8.370000000000000300e+001 -2.230000000000000000e+000
8.379999999999999700e+001 -2.230000000000000000e+000
8.390000000000000600e+001 -2.230000000000000000e+000
8.400000000000000000e+001 -2.230000000000000000e+000
8.409999999999999400e+001 -2.230000000000000000e+000
8.420000000000000300e+001 -2.230000000000000000e+000
8.429999999999999700e+001 -2.230000000000000000e+000
8.440000000000000600e+001 -2.230000000000000000e+000
8.450000000000000000e+001 -2.230000000000000000e+000
8.459999999999999400e+001 -2.230000000000000000e+000
8.470000000000000300e+001 -2.230000000000000000e+000
8.479999999999999700e+001 -2.230000000000000000e+000
8.490000000000000600e+001 -2.230000000000000000e+000
8.500000000000000000e+001 -2.230000000000000000e+000
8.509999999999999400e+001 -2.230000000000000000e+000
8.520000000000000300e+001 -2.230000000000000000e+000
8.529999999999999700e+001 -2.230000000000000000e+000
8.540000000000000600e+001 -2.230000000000000000e+000
8.550000000000000000e+001 -2.230000000000000000e+000
8.559999999999999400e+001 -2.230000000000000000e+000
8.570000000000000300e+001 -2.230000000000000000e+000
8.579999999999999700e+001 -2.230000000000000000e+000
8.590000000000000600e+001 -2.230000000000000000e+000
8.600000000000000000e+001 -2.230000000000000000e+000
8.609999999999999400e+001 -2.230000000000000000e+000
8.620000000000000300e+001 -2.230000000000000000e+000
8.629999999999999700e+001 -2.230000000000000000e+000
8.640000000000000600e+001 -2.230000000000000000e+000
8.650000000000000000e+001 -2.230000000000000000e+000
8.659999999999999400e+001 -2.230000000000000000e+000
8.670000000000000300e+001 -2.230000000000000000e+000
8.679999999999999700e+001 -2.230000000000000000e+000
8.690000000000000600e+001 -2.230000000000000000e+000
8.700000000000000000e+001 -2.230000000000000000e+000
8.709999999999999400e+001 -2.230000000000000000e+000
8.720000000000000300e+001 -2.230000000000000000e+000
8.729999999999999700e+001 -2.230000000000000000e+000
8.740000000000000600e+001 -2.230000000000000000e+000
8.750000000000000000e+001 -2.230000000000000000e+000
8.759999999999999400e+001 -2.230000000000000000e+000
8.770000000000000300e+001 -2.230000000000000000e+000
8.779999999999999700e+001 -2.230000000000000000e+000
8.790000000000000600e+001 -2.230000000000000000e+000
8.800000000000000000e+001 -2.230000000000000000e+000
8.809999999999999400e+001 -2.230000000000000000e+000
8.820000000000000300e+001 -2.230000000000000000e+000
8.829999999999999700e+001 -2.230000000000000000e+000
8.840000000000000600e+001 -2.230000000000000000e+000
8.850000000000000000e+001 -2.230000000000000000e+000
8.859999999999999400e+001 -2.230000000000000000e+000
8.870000000000000300e+001 -2.230000000000000000e+000
8.879999999999999700e+001 -2.230000000000000000e+000
8.890000000000000600e+001 -2.230000000000000000e+000
8.900000000000000000e+001 -2.230000000000000000e+000
8.909999999999999400e+001 -2.230000000000000000e+000
8.920000000000000300e+001 -2.230000000000000000e+000
8.929999999999999700e+001 -2.230000000000000000e+000
8.940000000000000600e+001 -2.230000000000000000e+000
8.950000000000000000e+001 -2.230000000000000000e+000
8.959999999999999400e+001 -2.230000000000000000e+000
8.970000000000000300e+001 -2.230000000000000000e+000
8.979999999999999700e+001 -2.230000000000000000e+000
8.990000000000000600e+001 -2.230000000000000000e+000
9.000000000000000000e+001 -2.230000000000000000e+000
9.009999999999999400e+001 -2.230000000000000000e+000
9.020000000000000300e+001 -2.230000000000000000e+000
9.029999999999999700e+001 -2.230000000000000000e+000
9.040000000000000600e+001 -2.230000000000000000e+000
9.050000000000000000e+001 -2.230000000000000000e+000
9.059999999999999400e+001 -2.230000000000000000e+000
9.070000000000000300e+001 -2.230000000000000000e+000
9.079999999999999700e+001 -2.230000000000000000e+000
9.090000000000000600e+001 -2.230000000000000000e+000
9.100000000000000000e+001 -2.230000000000000000e+000
9.109999999999999400e+001 -2.230000000000000000e+000
9.120000000000000300e+001 -2.230000000000000000e+000
9.129999999999999700e+001 -2.230000000000000000e+000
9.140000000000000600e+001 -2.230000000000000000e+000
9.150000000000000000e+001 -2.230000000000000000e+000
9.159999999999999400e+001 -2.230000000000000000e+000
9.170000000000000300e+001 -2.230000000000000000e+000
9.179999999999999700e+001 -2.230000000000000000e+000
9.190000000000000600e+001 -2.230000000000000000e+000
9.200000000000000000e+001 -2.230000000000000000e+000
9.209999999999999400e+001 -2.230000000000000000e+000
9.220000000000000300e+001 -2.230000000000000000e+000
9.229999999999999700e+001 -2.230000000000000000e+000
9.240000000000000600e+001 -2.230000000000000000e+000
9.250000000000000000e+001 -2.230000000000000000e+000
9.259999999999999400e+001 -2.230000000000000000e+000
9.270000000000000300e+001 -2.230000000000000000e+000
9.279999999999999700e+001 -2.230000000000000000e+000
9.290000000000000600e+001 -2.230000000000000000e+000
9.300000000000000000e+001 -2.230000000000000000e+000
9.309999999999999400e+001 -2.230000000000000000e+000
9.320000000000000300e+001 -2.230000000000000000e+000
9.329999999999999700e+001 -2.230000000000000000e+000
9.340000000000000600e+001 -2.230000000000000000e+000
9.350000000000000000e+001 -2.230000000000000000e+000
9.359999999999999400e+001 -2.230000000000000000e+000
9.370000000000000300e+001 -2.230000000000000000e+000
9.379999999999999700e+001 -2.230000000000000000e+000
9.390000000000000600e+001 -2.230000000000000000e+000
9.400000000000000000e+001 -2.230000000000000000e+000
9.409999999999999400e+001 -2.230000000000000000e+000
9.420000000000000300e+001 -2.230000000000000000e+000
9.429999999999999700e+001 -2.230000000000000000e+000
9.440000000000000600e+001 -2.230000000000000000e+000
9.450000000000000000e+001 -2.230000000000000000e+000
9.459999999999999400e+001 -2.230000000000000000e+000
9.470000000000000300e+001 -2.230000000000000000e+000
9.479999999999999700e+001 -2.230000000000000000e+000
9.490000000000000600e+001 -2.230000000000000000e+000
9.500000000000000000e+001 -2.230000000000000000e+000
9.509999999999999400e+001 -2.230000000000000000e+000
9.520000000000000300e+001 -2.230000000000000000e+000
9.529999999999999700e+001 -2.230000000000000000e+000
9.540000000000000600e+001 -2.230000000000000000e+000
9.550000000000000000e+001 -2.230000000000000000e+000
9.559999999999999400e+001 -2.230000000000000000e+000
9.570000000000000300e+001 -2.230000000000000000e+000
9.579999999999999700e+001 -2.230000000000000000e+000
9.590000000000000600e+001 -2.230000000000000000e+000
9.600000000000000000e+001 -2.230000000000000000e+000
9.609999999999999400e+001 -2.230000000000000000e+000
9.620000000000000300e+001 -2.230000000000000000e+000
9.629999999999999700e+001 -2.230000000000000000e+000
9.640000000000000600e+001 -2.230000000000000000e+000
9.650000000000000000e+001 -2.230000000000000000e+000
9.659999999999999400e+001 -2.230000000000000000e+000
9.670000000000000300e+001 -2.230000000000000000e+000
9.679999999999999700e+001 -2.230000000000000000e+000
9.690000000000000600e+001 -2.230000000000000000e+000
9.700000000000000000e+001 -2.230000000000000000e+000
9.709999999999999400e+001 -2.230000000000000000e+000
9.720000000000000300e+001 -2.230000000000000000e+000
9.729999999999999700e+001 -2.230000000000000000e+000
9.740000000000000600e+001 -2.230000000000000000e+000
9.750000000000000000e+001 -2.230000000000000000e+000
9.759999999999999400e+001 -2.230000000000000000e+000
9.770000000000000300e+001 -2.230000000000000000e+000
9.779999999999999700e+001 -2.230000000000000000e+000
9.790000000000000600e+001 -2.230000000000000000e+000
9.800000000000000000e+001 -2.230000000000000000e+000
9.809999999999999400e+001 -2.230000000000000000e+000
9.820000000000000300e+001 -2.230000000000000000e+000
9.829999999999999700e+001 -2.230000000000000000e+000
9.840000000000000600e+001 -2.230000000000000000e+000
9.850000000000000000e+001 -2.230000000000000000e+000
9.859999999999999400e+001 -2.230000000000000000e+000
9.870000000000000300e+001 -2.230000000000000000e+000
9.879999999999999700e+001 -2.230000000000000000e+000
9.890000000000000600e+001 -2.230000000000000000e+000
9.900000000000000000e+001 -2.230000000000000000e+000
9.909999999999999400e+001 -2.230000000000000000e+000
9.920000000000000300e+001 -2.230000000000000000e+000
9.929999999999999700e+001 -2.230000000000000000e+000
9.940000000000000600e+001 -2.230000000000000000e+000
9.950000000000000000e+001 -2.230000000000000000e+000
9.959999999999999400e+001 -2.230000000000000000e+000
9.970000000000000300e+001 -2.230000000000000000e+000
9.979999999999999700e+001 -2.230000000000000000e+000
9.990000000000000600e+001 -2.230000000000000000e+000
