1.697720229815191600e-317 1.699704397448890000e-317
1.699704397448890000e-317 1.701688565082588500e-317
1.701688565082588500e-317 6.952507009568024800e-310
6.952507009568024800e-310 1.165433665611666200e-317
1.165433665611666200e-317 2.074989745110859100e-317
2.074989745110859100e-317 6.952573309711727400e-310
6.952573309711727400e-310 4.940656458412465400e-321
4.940656458412465400e-321 3.013800439631603900e-322
3.013800439631603900e-322 1.686265811882008100e-317
1.686265811882008100e-317 2.122508054011783800e-311
2.122508054011783800e-311 1.482196937523739600e-323
1.482196937523739600e-323 6.952573309711727400e-310
6.952573309711727400e-310 4.940656458412465400e-324
4.940656458412465400e-324 1.686313242184008900e-317
1.686313242184008900e-317 2.074779273145730700e-317
2.074779273145730700e-317 0.000000000000000000e+000
0.000000000000000000e+000 3.013800439631603900e-322
3.013800439631603900e-322 0.000000000000000000e+000
0.000000000000000000e+000 0.000000000000000000e+000
0.000000000000000000e+000 0.000000000000000000e+000
0.000000000000000000e+000 0.000000000000000000e+000
0.000000000000000000e+000 0.000000000000000000e+000
0.000000000000000000e+000 0.000000000000000000e+000
0.000000000000000000e+000 0.000000000000000000e+000
0.000000000000000000e+000 0.000000000000000000e+000
0.000000000000000000e+000 0.000000000000000000e+000
0.000000000000000000e+000 0.000000000000000000e+000
0.000000000000000000e+000 0.000000000000000000e+000
0.000000000000000000e+000 0.000000000000000000e+000
0.000000000000000000e+000 0.000000000000000000e+000
0.000000000000000000e+000 0.000000000000000000e+000
0.000000000000000000e+000 0.000000000000000000e+000
0.000000000000000000e+000 0.000000000000000000e+000
0.000000000000000000e+000 1.831566502014877100e-313
1.831566502014877100e-313 2.074917611526566300e-317
2.074917611526566300e-317 6.951233811639300500e-310
6.951233811639300500e-310 6.951233811639300500e-310
6.951233811639300500e-310 0.000000000000000000e+000
0.000000000000000000e+000 0.000000000000000000e+000
0.000000000000000000e+000 0.000000000000000000e+000
0.000000000000000000e+000 2.074930951299004000e-317
2.074930951299004000e-317 0.000000000000000000e+000
0.000000000000000000e+000 0.000000000000000000e+000
0.000000000000000000e+000 0.000000000000000000e+000
0.000000000000000000e+000 0.000000000000000000e+000
0.000000000000000000e+000 0.000000000000000000e+000
0.000000000000000000e+000 6.952573756017529400e-310
6.952573756017529400e-310 0.000000000000000000e+000
0.000000000000000000e+000 0.000000000000000000e+000
0.000000000000000000e+000 0.000000000000000000e+000
0.000000000000000000e+000 0.000000000000000000e+000
0.000000000000000000e+000 2.074917611526566300e-317
2.074917611526566300e-317 6.952575217129425000e-310
6.952575217129425000e-310 6.952573756015849600e-310
6.952573756015849600e-310 0.000000000000000000e+000
0.000000000000000000e+000 0.000000000000000000e+000
0.000000000000000000e+000 0.000000000000000000e+000
0.000000000000000000e+000 0.000000000000000000e+000
0.000000000000000000e+000 0.000000000000000000e+000
0.000000000000000000e+000 0.000000000000000000e+000
0.000000000000000000e+000 0.000000000000000000e+000
0.000000000000000000e+000 0.000000000000000000e+000
0.000000000000000000e+000 0.000000000000000000e+000
0.000000000000000000e+000 0.000000000000000000e+000
0.000000000000000000e+000 0.000000000000000000e+000
0.000000000000000000e+000 0.000000000000000000e+000
0.000000000000000000e+000 0.000000000000000000e+000
0.000000000000000000e+000 6.890231936561291900e-313
6.890231936561291900e-313 2.628728385847828800e-310
2.628728385847828800e-310 1.086944420850742400e-321
1.086944420850742400e-321 1.581010066691988900e-322
1.581010066691988900e-322 2.121995800846585200e-314
2.121995800846585200e-314 1.103437811336526200e-312
1.103437811336526200e-312 2.121995978710217700e-314
2.121995978710217700e-314 0.000000000000000000e+000
0.000000000000000000e+000 0.000000000000000000e+000
0.000000000000000000e+000 4.243991581930544600e-314
4.243991581930544600e-314 1.409221981071184600e-311
1.409221981071184600e-311 1.561788902184036900e-311
1.561788902184036900e-311 3.043444378382078700e-321
3.043444378382078700e-321 2.870954180915789000e-311
2.870954180915789000e-311 3.030209989534969700e-311
3.030209989534969700e-311 4.001931731314097000e-321
4.001931731314097000e-321 4.753646469851568100e-311
4.753646469851568100e-311 4.863614352917107400e-311
4.863614352917107400e-311 3.853712037561723000e-321
3.853712037561723000e-321 6.519192221937781500e-311
6.519192221937781500e-311 6.663066783663563400e-311
6.663066783663563400e-311 4.120507486315996200e-321
4.120507486315996200e-321 8.437522053898579300e-311
8.437522053898579300e-311 8.640766860857031000e-311
8.640766860857031000e-311 4.367540309236619500e-321
4.367540309236619500e-321 1.051807959700568400e-310
1.051807959700568400e-310 1.070334676967132300e-310
1.070334676967132300e-310 3.395193311591353900e-313
3.395193311591353900e-313 5.007910066722508600e-312
5.007910066722508600e-312 2.121995791953403600e-314
2.121995791953403600e-314 1.199352021072346400e-310
1.199352021072346400e-310 4.243991582424610300e-314
4.243991582424610300e-314 2.554882935302391800e-311
2.554882935302391800e-311 6.365987373389882600e-314
6.365987373389882600e-314 7.902312329129733100e-311
7.902312329129733100e-311 8.487983164355154900e-314
8.487983164355154900e-314 1.672132688695594100e-311
1.672132688695594100e-311 1.060997895581449300e-313
1.060997895581449300e-313 3.225433660310046000e-312
3.225433660310046000e-312 1.273197474677976500e-313
1.273197474677976500e-313 4.328871472362967400e-312
4.328871472362967400e-312 1.485397053774503700e-313
1.485397053774503700e-313 5.092789958118359300e-312
5.092789958118359300e-312 1.909796211918151600e-313
1.909796211918151600e-313 8.487983773735722500e-313
8.487983773735722500e-313 2.334195370160612700e-313
2.334195370160612700e-313 8.487989282370047400e-314
8.487989282370047400e-314 1.209469665604503200e+175
1.209469665604503200e+175 2.121995812704160700e-314
2.121995812704160700e-314 2.121995791459338000e-314
2.121995791459338000e-314 2.970794107381025200e-312
2.970794107381025200e-312 1.187468844624215800e-310
1.187468844624215800e-310 1.994676043724744900e-312
1.994676043724744900e-312 4.644217070907717500e-322
4.644217070907717500e-322 0.000000000000000000e+000
0.000000000000000000e+000 0.000000000000000000e+000
0.000000000000000000e+000 0.000000000000000000e+000
0.000000000000000000e+000 0.000000000000000000e+000
0.000000000000000000e+000 7.639184847573793500e-313
7.639184847573793500e-313 2.766767616710980600e-322
2.766767616710980600e-322 2.047192894140730200e-306
2.047192894140730200e-306 1.379613697279536200e-306
1.379613697279536200e-306 5.117982238304839200e-307
5.117982238304839200e-307 2.136183626862850300e-306
2.136183626862850300e-306 2.978932744807649600e-317
2.978932744807649600e-317 6.028635805043811500e-312
6.028635805043811500e-312 7.554305016172334100e-312
7.554305016172334100e-312 2.121996095309710200e-314
2.121996095309710200e-314 2.064595780348985500e-311
2.064595780348985500e-311 2.223851588968166200e-311
2.223851588968166200e-311 4.243991982123717800e-314
4.243991982123717800e-314 3.947288069284764600e-311
3.947288069284764600e-311 4.057255952350303900e-311
4.057255952350303900e-311 6.365987758267020700e-314
6.365987758267020700e-314 5.712833821370978000e-311
5.712833821370978000e-311 5.856708383096759900e-311
5.856708383096759900e-311 8.487983575911837900e-314
8.487983575911837900e-314 7.631163653331775800e-311
7.631163653331775800e-311 7.834408460290227600e-311
7.834408460290227600e-311 1.060997939158039200e-313
1.060997939158039200e-313 9.711721196438880300e-311
9.711721196438880300e-311 9.896988369104519700e-311
9.896988369104519700e-311 1.273197520626081600e-313
1.273197520626081600e-313 1.602187629954399500e-306
1.602187629954399500e-306 9.791078722252316200e-307
9.791078722252316200e-307 1.112596006093059700e-306
1.112596006093059700e-306 2.047218698479911700e-306
2.047218698479911700e-306 2.225186579876894100e-306
2.225186579876894100e-306 1.290611422040070700e-306
1.290611422040070700e-306 1.424195302171218100e-306
1.424195302171218100e-306 8.010978893230959500e-307
8.010978893230959500e-307 3.270341061840796100e-317
3.270341061840796100e-317 2.121995844324362100e-314
2.121995844324362100e-314 9.846060471422722100e-312
9.846060471422722100e-312 9.336781480346011300e-313
9.336781480346011300e-313 1.015700332616481900e+130
1.015700332616481900e+130 2.136975076276867700e-314
2.136975076276867700e-314 0.000000000000000000e+000
0.000000000000000000e+000 0.000000000000000000e+000
0.000000000000000000e+000 0.000000000000000000e+000
0.000000000000000000e+000 4.940656458412465400e-324
4.940656458412465400e-324 0.000000000000000000e+000
0.000000000000000000e+000 1.659400708627727300e-311
1.659400708627727300e-311 0.000000000000000000e+000
0.000000000000000000e+000 0.000000000000000000e+000
0.000000000000000000e+000 1.112589215229890100e-306
1.112589215229890100e-306 1.691206881408872700e-306
1.691206881408872700e-306 8.344519279030952400e-308
8.344519279030952400e-308 8.901042387426735800e-307
8.901042387426735800e-307 8.344515036140259400e-308
8.344515036140259400e-308 1.780215268203438800e-306
1.780215268203438800e-306 1.379591288993621600e-306
1.379591288993621600e-306 1.780190822625431600e-306
1.780190822625431600e-306 9.346043577629850800e-307
9.346043577629850800e-307 1.379623203841392700e-306
1.379623203841392700e-306 1.691212313448703500e-306
1.691212313448703500e-306 1.602141455512502400e-306
1.602141455512502400e-306 1.780201687078097300e-306
1.780201687078097300e-306 1.869219580165141300e-306
1.869219580165141300e-306 5.006675071668388900e-308
5.006675071668388900e-308 1.223875503422346700e-307
1.223875503422346700e-307 1.424107025550667800e-306
1.424107025550667800e-306 1.112610266443563100e-306
1.112610266443563100e-306 2.225211025869356800e-306
2.225211025869356800e-306 9.346036788590256500e-307
9.346036788590256500e-307 1.223819482111789300e-307
1.223819482111789300e-307 8.010625787018101800e-307
8.010625787018101800e-307 1.112578521044599300e-307
1.112578521044599300e-307 9.790997235956040600e-307
9.790997235956040600e-307 5.006849075258425700e-308
5.006849075258425700e-308 1.424211599202498500e-306
1.424211599202498500e-306 2.047114125719148100e-306
2.047114125719148100e-306 1.001326526467076900e-307
1.001326526467076900e-307 9.346111475899943400e-307
9.346111475899943400e-307 1.379617092524609700e-306
1.379617092524609700e-306 1.223819482111789300e-307
1.223819482111789300e-307 1.390710206911242200e-307
1.390710206911242200e-307 8.344230684106383500e-308
8.344230684106383500e-308 1.335087604517854500e-307
1.335087604517854500e-307 2.225186579628202800e-306
2.225186579628202800e-306 1.290611422040070700e-306
1.290611422040070700e-306 9.791010813517065800e-307
9.791010813517065800e-307 1.780205761579409300e-306
1.780205761579409300e-306 1.335119689089028600e-306
1.335119689089028600e-306 1.780222058175528000e-306
1.780222058175528000e-306 8.901035596211162600e-307
8.901035596211162600e-307 1.290607347145018700e-306
1.290607347145018700e-306 1.379623203706705300e-306
1.379623203706705300e-306 1.780197612991242000e-306
1.780197612991242000e-306 1.335115615395900100e-306
1.335115615395900100e-306 1.691217745965154900e-306
1.691217745965154900e-306 1.691220462202640700e-306
1.691220462202640700e-306 8.456020824924358000e-307
8.456020824924358000e-307 7.566011653509967400e-307
7.566011653509967400e-307 1.246107907639993100e-306
1.246107907639993100e-306 1.168209612055790800e-307
1.168209612055790800e-307 1.223873805100414500e-307
1.223873805100414500e-307 1.112581067400693100e-307
1.112581067400693100e-307 9.457429685760633500e-308
9.457429685760633500e-308 1.223871259340103900e-307
1.223871259340103900e-307 1.390710206911242200e-307
1.390710206911242200e-307 8.344230684106383500e-308
8.344230684106383500e-308 1.335087604517854500e-307
1.335087604517854500e-307 1.379620487510639300e-306
1.379620487510639300e-306 1.223871259327154300e-307
1.223871259327154300e-307 7.565597439102581000e-307
7.565597439102581000e-307 7.565943743842227800e-307
7.565943743842227800e-307 9.457421191690118400e-308
9.457421191690118400e-308 2.058351459449647200e-312
2.058351459449647200e-312 1.602187629954399500e-306
1.602187629954399500e-306 9.791078722252316200e-307
9.791078722252316200e-307 1.112596006093059700e-306
1.112596006093059700e-306 2.047218698479911700e-306
2.047218698479911700e-306 1.691155273062103600e-306
1.691155273062103600e-306 1.780190822542541800e-306
1.780190822542541800e-306 1.891499518236030500e-307
1.891499518236030500e-307 1.290618212426602100e-306
1.290618212426602100e-306 1.379617092534968300e-306
1.379617092534968300e-306 2.291755454785966300e-312
2.291755454785966300e-312 5.602068888148318900e-312
5.602068888148318900e-312 4.243992153070431200e-314
4.243992153070431200e-314 3.013234023296179400e-311
3.013234023296179400e-311 5.715725140597979600e-300
5.715725140597979600e-300 4.940656458412465400e-324
4.940656458412465400e-324 0.000000000000000000e+000
0.000000000000000000e+000 0.000000000000000000e+000
0.000000000000000000e+000 2.121995790965272300e-314
2.121995790965272300e-314 0.000000000000000000e+000
0.000000000000000000e+000 3.819592423737490200e-312
3.819592423737490200e-312 8.280540224299292100e-321
8.280540224299292100e-321 0.000000000000000000e+000
0.000000000000000000e+000 0.000000000000000000e+000
0.000000000000000000e+000 1.602187629954399500e-306
1.602187629954399500e-306 9.791078722252316200e-307
9.791078722252316200e-307 1.112596006093059700e-306
1.112596006093059700e-306 2.047218698479911700e-306
2.047218698479911700e-306 1.691155273062103600e-306
1.691155273062103600e-306 1.780190822542541800e-306
1.780190822542541800e-306 1.891499518236030500e-307
1.891499518236030500e-307 1.290618212426602100e-306
1.290618212426602100e-306 1.379617092534968300e-306
1.379617092534968300e-306 1.602205283695311200e-306
1.602205283695311200e-306 1.691193300324975000e-306
1.691193300324975000e-306 1.891506308622565500e-307
1.891506308622565500e-307 1.112607550299311500e-306
1.112607550299311500e-306 1.780193538552097500e-306
1.780193538552097500e-306 1.613264277524185500e-307
1.613264277524185500e-307 8.901035596211216300e-307
8.901035596211216300e-307 7.787902803856468800e-308
7.787902803856468800e-308 1.246107907764328100e-306
1.246107907764328100e-306 9.345819494977938000e-307
9.345819494977938000e-307 1.201615257754752800e-306
1.201615257754752800e-306 5.006675072251199600e-308
5.006675072251199600e-308 1.168212157906762000e-307
1.168212157906762000e-307 9.457005280774202900e-308
9.457005280774202900e-308 8.455952915981905200e-307
8.455952915981905200e-307 9.791004021161996900e-307
9.791004021161996900e-307 2.225231396386528500e-306
2.225231396386528500e-306 5.006675071668387000e-308
5.006675071668387000e-308 1.057003451965668300e-307
1.057003451965668300e-307 1.958124751592395500e-306
1.958124751592395500e-306 1.112615019879913200e-306
1.112615019879913200e-306 5.006675072251209500e-308
5.006675072251209500e-308 8.344230683976862200e-308
8.344230683976862200e-308 5.006619896216059100e-308
5.006619896216059100e-308 2.047192894140730200e-306
2.047192894140730200e-306 1.379613697279536200e-306
1.379613697279536200e-306 5.117982238304839200e-307
5.117982238304839200e-307 2.136183626862850300e-306
2.136183626862850300e-306 7.565991280588907600e-307
7.565991280588907600e-307 9.346002836035963700e-307
9.346002836035963700e-307 6.230597257055350800e-307
6.230597257055350800e-307 1.223875503422346700e-307
1.223875503422346700e-307 1.112610945451122000e-306
1.112610945451122000e-306 1.691206881408872700e-306
1.691206881408872700e-306 8.344519279030952400e-308
8.344519279030952400e-308 8.901042387426786400e-307
8.901042387426786400e-307 8.344515036140259400e-308
8.344515036140259400e-308 1.246116735246094800e-306
1.246116735246094800e-306 1.379617092534968300e-306
1.379617092534968300e-306 1.780217983860717000e-306
1.780217983860717000e-306 1.780190822563264400e-306
1.780190822563264400e-306 6.898102438382142900e-307
6.898102438382142900e-307 1.168212157906762000e-307
1.168212157906762000e-307 9.457005280774202900e-308
9.457005280774202900e-308 8.455952915981905200e-307
8.455952915981905200e-307 9.791004021161996900e-307
9.791004021161996900e-307 8.900685887600831800e-308
8.900685887600831800e-308 8.900685887471218600e-308
8.900685887471218600e-308 1.335119689534574800e-306
1.335119689534574800e-306 9.345996044613287700e-307
9.345996044613287700e-307 8.900719840180980000e-308
8.900719840180980000e-308 1.279462456273495500e-307
1.279462456273495500e-307 1.112584463241549500e-307
1.112584463241549500e-307 1.290574074758727700e-306
1.290574074758727700e-306 9.791037979415042100e-307
9.791037979415042100e-307 2.461552353967812900e-312
2.461552353967812900e-312 1.223875503422346700e-307
1.223875503422346700e-307 1.112610945451122000e-306
1.112610945451122000e-306 1.691206881408872700e-306
1.691206881408872700e-306 8.344519279030952400e-308
8.344519279030952400e-308 8.901042387426786400e-307
8.901042387426786400e-307 8.344515036140259400e-308
8.344515036140259400e-308 1.246116735246094800e-306
1.246116735246094800e-306 1.379617092534968300e-306
1.379617092534968300e-306 1.780217983860717000e-306
1.780217983860717000e-306 1.780190822563264400e-306
1.780190822563264400e-306 6.898102438382142900e-307
6.898102438382142900e-307 1.168212157906762000e-307
1.168212157906762000e-307 9.457005280774202900e-308
9.457005280774202900e-308 8.455952915981905200e-307
8.455952915981905200e-307 9.791004021161996900e-307
9.791004021161996900e-307 8.900685887600831800e-308
8.900685887600831800e-308 8.900685887471218600e-308
8.900685887471218600e-308 1.335119689534574800e-306
1.335119689534574800e-306 9.345996044613287700e-307
9.345996044613287700e-307 8.900719840180980000e-308
8.900719840180980000e-308 1.279462456273495500e-307
1.279462456273495500e-307 1.112584463241549500e-307
1.112584463241549500e-307 3.270337109315629400e-317
3.270337109315629400e-317 1.602187629954399500e-306
1.602187629954399500e-306 9.791078722252316200e-307
9.791078722252316200e-307 1.112596006093059700e-306
1.112596006093059700e-306 2.047218698479911700e-306
2.047218698479911700e-306 8.900777556238896100e-307
8.900777556238896100e-307 1.869208715152963100e-306
1.869208715152963100e-306 2.291755454810669600e-312
2.291755454810669600e-312 5.389869309051791700e-312
5.389869309051791700e-312 4.243992579943149200e-314
4.243992579943149200e-314 4.825418428775581300e-311
4.825418428775581300e-311 6.097760620308319900e-300
6.097760620308319900e-300 4.940656458412465400e-324
4.940656458412465400e-324 0.000000000000000000e+000
0.000000000000000000e+000 0.000000000000000000e+000
0.000000000000000000e+000 2.121995790965272300e-314
2.121995790965272300e-314 0.000000000000000000e+000
0.000000000000000000e+000 3.607392844640962900e-312
3.607392844640962900e-312 1.245045427519941300e-320
1.245045427519941300e-320 0.000000000000000000e+000
0.000000000000000000e+000 0.000000000000000000e+000
0.000000000000000000e+000 1.602187629954399500e-306
1.602187629954399500e-306 9.791078722252316200e-307
9.791078722252316200e-307 1.112596006093059700e-306
1.112596006093059700e-306 2.047218698479911700e-306
2.047218698479911700e-306 8.900777556238896100e-307
8.900777556238896100e-307 1.869208715152963100e-306
1.869208715152963100e-306 1.602205283695312800e-306
1.602205283695312800e-306 1.691193300324975000e-306
1.691193300324975000e-306 1.891506308622565500e-307
1.891506308622565500e-307 1.112607550299311500e-306
1.112607550299311500e-306 1.780193538552097500e-306
1.780193538552097500e-306 1.613264277524185500e-307
1.613264277524185500e-307 8.901035596211216300e-307
8.901035596211216300e-307 7.787902803856468800e-308
7.787902803856468800e-308 1.246107907764328100e-306
1.246107907764328100e-306 9.345819494977938000e-307
9.345819494977938000e-307 1.201615257754752800e-306
1.201615257754752800e-306 5.006675072251199600e-308
5.006675072251199600e-308 1.168212157906762000e-307
1.168212157906762000e-307 9.457005280774202900e-308
9.457005280774202900e-308 8.455952915981905200e-307
8.455952915981905200e-307 9.791004021161996900e-307
9.791004021161996900e-307 2.225231396386528500e-306
2.225231396386528500e-306 5.006675071668387000e-308
5.006675071668387000e-308 1.057003451965668300e-307
1.057003451965668300e-307 1.958124751592395500e-306
1.958124751592395500e-306 1.112615019879913200e-306
1.112615019879913200e-306 5.006675072251209500e-308
5.006675072251209500e-308 8.344234927968444100e-308
8.344234927968444100e-308 8.900702864214666100e-308
8.900702864214666100e-308 1.112583613795641100e-307
1.112583613795641100e-307 2.113877885240248200e-307
2.113877885240248200e-307 1.112617735806570100e-306
1.112617735806570100e-306 2.047218698479911700e-306
2.047218698479911700e-306 1.112596006569679600e-306
1.112596006569679600e-306 4.228047758655577600e-307
4.228047758655577600e-307 1.335110182983069500e-306
1.335110182983069500e-306 1.691193300387141000e-306
1.691193300387141000e-306 7.565875846401032000e-307
7.565875846401032000e-307 1.112582765657870500e-307
1.112582765657870500e-307 8.455993664207105000e-307
8.455993664207105000e-307 1.379623882869695500e-306
1.379623882869695500e-306 2.047130423786566900e-306
2.047130423786566900e-306 1.379613697279536200e-306
1.379613697279536200e-306 1.023565211882924800e-306
1.023565211882924800e-306 1.246117414181134100e-306
1.246117414181134100e-306 1.223871259508478500e-307
1.223871259508478500e-307 8.010625787018101800e-307
8.010625787018101800e-307 1.112578521044599300e-307
1.112578521044599300e-307 9.790997235956040600e-307
9.790997235956040600e-307 6.898075276266102300e-307
6.898075276266102300e-307 8.344234927968444100e-308
8.344234927968444100e-308 8.900702864214666100e-308
8.900702864214666100e-308 1.112583613795641100e-307
1.112583613795641100e-307 1.335108824325523200e-306
1.335108824325523200e-306 6.898071881590951200e-307
6.898071881590951200e-307 8.010605415236836400e-307
8.010605415236836400e-307 1.168208763296319400e-307
1.168208763296319400e-307 8.900745304259991900e-308
8.900745304259991900e-308 1.390718694946213000e-307
1.390718694946213000e-307 1.335110182983062200e-306
1.335110182983062200e-306 1.691193300387141000e-306
1.691193300387141000e-306 1.290608704683546700e-306
1.290608704683546700e-306 6.897905514219764700e-307
6.897905514219764700e-307 1.602187629954409600e-306
1.602187629954409600e-306 9.791078722252316200e-307
9.791078722252316200e-307 1.112617735329959100e-306
1.112617735329959100e-306 2.047218698479911700e-306
2.047218698479911700e-306 8.900994848607891000e-307
8.900994848607891000e-307 1.869208715816086800e-306
1.869208715816086800e-306 1.168209612055793600e-307
1.168209612055793600e-307 1.223873805100414500e-307
1.223873805100414500e-307 1.112581067400693100e-307
1.112581067400693100e-307 9.457429685760633500e-308
9.457429685760633500e-308 9.457370270267037500e-308
9.457370270267037500e-308 1.390710206924193800e-307
1.390710206924193800e-307 8.344230684106383500e-308
8.344230684106383500e-308 9.457005280903622400e-308
9.457005280903622400e-308 1.379620487510639400e-306
1.379620487510639400e-306 1.390751798715194400e-307
1.390751798715194400e-307 1.056993265673518300e-307
1.056993265673518300e-307 1.112581916250825100e-307
1.112581916250825100e-307 8.900702864085145800e-308
8.900702864085145800e-308 1.209555733395372200e-312
1.209555733395372200e-312 1.602187629954399500e-306
1.602187629954399500e-306 9.791078722252316200e-307
9.791078722252316200e-307 1.112596006093059700e-306
1.112596006093059700e-306 2.047218698479911700e-306
2.047218698479911700e-306 1.379591288340861500e-306
1.379591288340861500e-306 1.335119689524215700e-306
1.335119689524215700e-306 1.335119689089030600e-306
1.335119689089030600e-306 1.246116735235735300e-306
1.246116735235735300e-306 2.291755454810669600e-312
2.291755454810669600e-312 5.771828551425540700e-312
5.771828551425540700e-312 4.243992998910816900e-314
4.243992998910816900e-314 6.663066783760400300e-311
6.663066783760400300e-311 6.213261669711841100e-300
6.213261669711841100e-300 4.940656458412465400e-324
4.940656458412465400e-324 0.000000000000000000e+000
0.000000000000000000e+000 0.000000000000000000e+000
0.000000000000000000e+000 2.121995790965272300e-314
2.121995790965272300e-314 0.000000000000000000e+000
0.000000000000000000e+000 3.989352087014712000e-312
3.989352087014712000e-312 1.681799458443603200e-320
1.681799458443603200e-320 0.000000000000000000e+000
0.000000000000000000e+000 0.000000000000000000e+000
0.000000000000000000e+000 1.602187629954399500e-306
1.602187629954399500e-306 9.791078722252316200e-307
9.791078722252316200e-307 1.112596006093059700e-306
1.112596006093059700e-306 2.047218698479911700e-306
2.047218698479911700e-306 1.379591288340861500e-306
1.379591288340861500e-306 1.335119689524215700e-306
1.335119689524215700e-306 1.335119689089030600e-306
1.335119689089030600e-306 1.246116735235735300e-306
1.246116735235735300e-306 1.602205283695312800e-306
1.602205283695312800e-306 1.691193300324975000e-306
1.691193300324975000e-306 1.891506308622565500e-307
1.891506308622565500e-307 1.112607550299311500e-306
1.112607550299311500e-306 1.780193538552097500e-306
1.780193538552097500e-306 1.613264277524185500e-307
1.613264277524185500e-307 8.901035596211216300e-307
8.901035596211216300e-307 7.787902803856468800e-308
7.787902803856468800e-308 1.246107907764328100e-306
1.246107907764328100e-306 9.345819494977938000e-307
9.345819494977938000e-307 1.201615257754752800e-306
1.201615257754752800e-306 5.006675072251199600e-308
5.006675072251199600e-308 1.168212157906762000e-307
1.168212157906762000e-307 9.457005280774202900e-308
9.457005280774202900e-308 8.455952915981905200e-307
8.455952915981905200e-307 9.791004021161996900e-307
9.791004021161996900e-307 2.225231396386528500e-306
2.225231396386528500e-306 5.006675071668387000e-308
5.006675071668387000e-308 1.057003451965668300e-307
1.057003451965668300e-307 1.958124751592395500e-306
1.958124751592395500e-306 1.112615019879913200e-306
1.112615019879913200e-306 5.006675072251209500e-308
5.006675072251209500e-308 1.001330769629743900e-307
1.001330769629743900e-307 8.900753792502176600e-308
8.900753792502176600e-308 1.279459060354928400e-307
1.279459060354928400e-307 5.006619896410341600e-308
5.006619896410341600e-308 2.047192894140730200e-306
2.047192894140730200e-306 1.379613697279536200e-306
1.379613697279536200e-306 5.117982238304839200e-307
5.117982238304839200e-307 2.136183626862850300e-306
2.136183626862850300e-306 7.565991280588907600e-307
7.565991280588907600e-307 9.346002836035963700e-307
9.346002836035963700e-307 6.230597257055350800e-307
6.230597257055350800e-307 1.223875503422346700e-307
1.223875503422346700e-307 1.112610945451122000e-306
1.112610945451122000e-306 1.691206881408872700e-306
1.691206881408872700e-306 8.344519279030952400e-308
8.344519279030952400e-308 8.901042387426786400e-307
8.901042387426786400e-307 8.344515036140259400e-308
8.344515036140259400e-308 1.290616854297486500e-306
1.290616854297486500e-306 8.455586241118878100e-307
8.455586241118878100e-307 1.602210717372229000e-306
1.602210717372229000e-306 6.898119414193055700e-307
6.898119414193055700e-307 1.168212157906762000e-307
1.168212157906762000e-307 9.457005280774202900e-308
9.457005280774202900e-308 8.455952915981905200e-307
8.455952915981905200e-307 9.791004021161996900e-307
9.791004021161996900e-307 1.335083360513330000e-307
1.335083360513330000e-307 1.223839004278779800e-307
1.223839004278779800e-307 9.456954352098022900e-308
9.456954352098022900e-308 8.900711352456858700e-308
8.900711352456858700e-308 1.335119689534574800e-306
1.335119689534574800e-306 1.112580219198161600e-307
1.112580219198161600e-307 7.565590648716113200e-307
7.565590648716113200e-307 1.168212158515497500e-307
1.168212158515497500e-307 8.900981273119002400e-307
8.900981273119002400e-307 1.290574074727643900e-306
1.290574074727643900e-306 9.791037979415042100e-307
9.791037979415042100e-307 2.461552353967812900e-312
2.461552353967812900e-312 1.223875503422346700e-307
1.223875503422346700e-307 1.112610945451122000e-306
1.112610945451122000e-306 1.691206881408872700e-306
1.691206881408872700e-306 8.344519279030952400e-308
8.344519279030952400e-308 8.901042387426786400e-307
8.901042387426786400e-307 8.344515036140259400e-308
8.344515036140259400e-308 1.290616854297486500e-306
1.290616854297486500e-306 8.455586241118878100e-307
8.455586241118878100e-307 1.602210717372229000e-306
1.602210717372229000e-306 6.898119414193055700e-307
6.898119414193055700e-307 1.168212157906762000e-307
1.168212157906762000e-307 9.457005280774202900e-308
9.457005280774202900e-308 8.455952915981905200e-307
8.455952915981905200e-307 9.791004021161996900e-307
9.791004021161996900e-307 1.335083360513330000e-307
1.335083360513330000e-307 1.223839004278779800e-307
1.223839004278779800e-307 9.456954352098022900e-308
9.456954352098022900e-308 8.900711352456858700e-308
8.900711352456858700e-308 1.335119689534574800e-306
1.335119689534574800e-306 1.112580219198161600e-307
1.112580219198161600e-307 7.565590648716113200e-307
7.565590648716113200e-307 1.168212158515497500e-307
1.168212158515497500e-307 8.900981273119002400e-307
8.900981273119002400e-307 3.173200344883719500e-317
3.173200344883719500e-317 1.602187629954399500e-306
1.602187629954399500e-306 9.791078722252316200e-307
9.791078722252316200e-307 1.112596006093059700e-306
1.112596006093059700e-306 2.047218698479911700e-306
2.047218698479911700e-306 1.691155273062103600e-306
1.691155273062103600e-306 1.780190822542541800e-306
1.780190822542541800e-306 1.891499518236030500e-307
1.891499518236030500e-307 1.290618212426602100e-306
1.290618212426602100e-306 1.379617092534968300e-306
1.379617092534968300e-306 1.602161825262957500e-306
1.602161825262957500e-306 4.228051155765685800e-307
4.228051155765685800e-307 2.079593759249897100e-312
2.079593759249897100e-312 5.335908975085462700e-322
5.335908975085462700e-322 8.063584005815266400e-311
8.063584005815266400e-311 5.814268467254727500e-312
5.814268467254727500e-312 1.893874565703549900e-086
1.893874565703549900e-086 2.137030517853315700e-314
2.137030517853315700e-314 0.000000000000000000e+000
0.000000000000000000e+000 0.000000000000000000e+000
0.000000000000000000e+000 0.000000000000000000e+000
0.000000000000000000e+000 4.940656458412465400e-324
4.940656458412465400e-324 0.000000000000000000e+000
0.000000000000000000e+000 9.281609589780914200e-311
9.281609589780914200e-311 0.000000000000000000e+000
0.000000000000000000e+000 0.000000000000000000e+000
0.000000000000000000e+000 1.112589215229890100e-306
1.112589215229890100e-306 1.691206881408872700e-306
1.691206881408872700e-306 8.344519279030952400e-308
8.344519279030952400e-308 8.901042387426735800e-307
8.901042387426735800e-307 8.344515036140259400e-308
8.344515036140259400e-308 1.246116735246089800e-306
1.246116735246089800e-306 1.379617092534968300e-306
1.379617092534968300e-306 1.780217983197593400e-306
1.780217983197593400e-306 1.780190822563264400e-306
1.780190822563264400e-306 8.344493815664278400e-308
8.344493815664278400e-308 2.136221653110306900e-306
2.136221653110306900e-306 1.869219579833585700e-306
1.869219579833585700e-306 1.602205283695307400e-306
1.602205283695307400e-306 1.691193300324975000e-306
1.691193300324975000e-306 1.891506308622565500e-307
1.891506308622565500e-307 1.112607550299311500e-306
1.112607550299311500e-306 1.780193538552097500e-306
1.780193538552097500e-306 1.613264277524185500e-307
1.613264277524185500e-307 8.901035596211216300e-307
8.901035596211216300e-307 7.787902803856468800e-308
7.787902803856468800e-308 1.246107907764328100e-306
1.246107907764328100e-306 9.345819494977938000e-307
9.345819494977938000e-307 1.201615257754752800e-306
1.201615257754752800e-306 5.006675072251199600e-308
5.006675072251199600e-308 1.168212157906762000e-307
1.168212157906762000e-307 9.457005280774202900e-308
9.457005280774202900e-308 8.455952915981905200e-307
8.455952915981905200e-307 9.791004021161996900e-307
9.791004021161996900e-307 2.225231396386528500e-306
2.225231396386528500e-306 5.006675071668387000e-308
5.006675071668387000e-308 1.057003451965668300e-307
1.057003451965668300e-307 1.958124751592395500e-306
1.958124751592395500e-306 1.112615019879913200e-306
1.112615019879913200e-306 5.006675072251209500e-308
5.006675072251209500e-308 8.344230683976862200e-308
8.344230683976862200e-308 8.900702864214666100e-308
8.900702864214666100e-308 1.112583613795641100e-307
1.112583613795641100e-307 2.113877885240248200e-307
2.113877885240248200e-307 1.112617735806570100e-306
1.112617735806570100e-306 2.047218698479911700e-306
2.047218698479911700e-306 1.112596006569679600e-306
1.112596006569679600e-306 4.228047758655577600e-307
4.228047758655577600e-307 1.335110182983069500e-306
1.335110182983069500e-306 1.691193300387141000e-306
1.691193300387141000e-306 7.565875846401032000e-307
7.565875846401032000e-307 1.112582765657870500e-307
1.112582765657870500e-307 8.455993664207105000e-307
8.455993664207105000e-307 1.379623882869695500e-306
1.379623882869695500e-306 2.047130423786566900e-306
2.047130423786566900e-306 1.379613697279536200e-306
1.379613697279536200e-306 1.112568166223212900e-306
1.112568166223212900e-306 1.780217982803843400e-306
1.780217982803843400e-306 1.780190822563264400e-306
1.780190822563264400e-306 8.344493815664278400e-308
8.344493815664278400e-308 2.136221653110317000e-306
2.136221653110317000e-306 1.869219580496709400e-306
1.869219580496709400e-306 1.168209612055790200e-307
1.168209612055790200e-307 1.223873805100414500e-307
1.223873805100414500e-307 1.112581067400693100e-307
1.112581067400693100e-307 9.457429685760633500e-308
9.457429685760633500e-308 9.457370270267037500e-308
9.457370270267037500e-308 1.390710206911242200e-307
1.390710206911242200e-307 8.344230684106383500e-308
8.344230684106383500e-308 9.457005280903622400e-308
9.457005280903622400e-308 1.379620487510639400e-306
1.379620487510639400e-306 8.010910987811473000e-307
8.010910987811473000e-307 1.112580218641241100e-307
1.112580218641241100e-307 1.279460758003369500e-307
1.279460758003369500e-307 8.900711351550327300e-308
8.900711351550327300e-308 8.344260395544392400e-308
8.344260395544392400e-308 1.112611624510506700e-306
1.112611624510506700e-306 1.780215267788992500e-306
1.780215267788992500e-306 8.901035596211162600e-307
8.901035596211162600e-307 1.290607347145018700e-306
1.290607347145018700e-306 1.379623203706705300e-306
1.379623203706705300e-306 1.780197612991242000e-306
1.780197612991242000e-306 1.335115615395900100e-306
1.335115615395900100e-306 1.691217745965154900e-306
1.691217745965154900e-306 8.344222199814427500e-308
8.344222199814427500e-308 1.290618212426602100e-306
1.290618212426602100e-306 1.379617092534968300e-306
1.379617092534968300e-306 1.602205283736756500e-306
1.602205283736756500e-306 1.691220462306274300e-306
1.691220462306274300e-306 6.898061696373804300e-307
6.898061696373804300e-307 1.168212157906762000e-307
1.168212157906762000e-307 9.457005280774202900e-308
9.457005280774202900e-308 8.455952915981905200e-307
8.455952915981905200e-307 9.791004021161996900e-307
9.791004021161996900e-307 8.900685887600831800e-308
8.900685887600831800e-308 8.900753792502176600e-308
8.900753792502176600e-308 1.279459060354928400e-307
1.279459060354928400e-307 6.897908909153959600e-307
6.897908909153959600e-307 9.346057159749890900e-307
9.346057159749890900e-307 1.112621810354518300e-307
1.112621810354518300e-307 1.001331618505769700e-307
1.001331618505769700e-307 9.457387240146000100e-308
9.457387240146000100e-308 9.790650920958683500e-307
9.790650920958683500e-307 1.112589215229898800e-306
1.112589215229898800e-306 1.691206881408872700e-306
1.691206881408872700e-306 8.344519279030952400e-308
8.344519279030952400e-308 8.901042387426735800e-307
8.901042387426735800e-307 8.344515036140259400e-308
8.344515036140259400e-308 1.290616854297481400e-306
1.290616854297481400e-306 2.113896560279719500e-307
2.113896560279719500e-307 1.602210717372229000e-306
1.602210717372229000e-306 8.344515035427919500e-308
8.344515035427919500e-308 1.379623882766077400e-306
1.379623882766077400e-306 9.345982465808899200e-307
9.345982465808899200e-307 2.291755454810669600e-312
2.291755454810669600e-312 6.917706278546787700e-312
6.917706278546787700e-312 4.243993939611806600e-314
4.243993939611806600e-314 1.081793454247830900e-310
1.081793454247830900e-310 5.715725509356930700e-300
5.715725509356930700e-300 4.940656458412465400e-324
4.940656458412465400e-324 0.000000000000000000e+000
0.000000000000000000e+000 0.000000000000000000e+000
0.000000000000000000e+000 2.121995790965272300e-314
2.121995790965272300e-314 0.000000000000000000e+000
0.000000000000000000e+000 4.328871413569155500e-312
4.328871413569155500e-312 2.657085043334223900e-320
2.657085043334223900e-320 1.184922449675502100e-310
1.184922449675502100e-310 0.000000000000000000e+000
0.000000000000000000e+000 1.602187629954399500e-306
1.602187629954399500e-306 9.791078722252316200e-307
9.791078722252316200e-307 1.112596006093059700e-306
1.112596006093059700e-306 2.047218698479911700e-306
2.047218698479911700e-306 1.379591288340861500e-306
1.379591288340861500e-306 1.335119689524215700e-306
1.335119689524215700e-306 1.335119689089030600e-306
1.335119689089030600e-306 1.246116735235735300e-306
1.246116735235735300e-306 9.345867022192178400e-307
9.345867022192178400e-307 1.602212075470259100e-306
1.602212075470259100e-306 7.788246570347800100e-308
7.788246570347800100e-308 1.023608670170218500e-306
1.023608670170218500e-306 9.346009625593601300e-307
9.346009625593601300e-307 1.335112898360578900e-306
1.335112898360578900e-306 5.006904248249875800e-308
5.006904248249875800e-308 1.379623203841392700e-306
1.379623203841392700e-306 1.691212313448703500e-306
1.691212313448703500e-306 1.602141455512502400e-306
1.602141455512502400e-306 1.780201687078097300e-306
1.780201687078097300e-306 1.869219580165141300e-306
1.869219580165141300e-306 5.006675071668388900e-308
5.006675071668388900e-308 1.223875503422346700e-307
1.223875503422346700e-307 1.424107025550667800e-306
1.424107025550667800e-306 1.112610266443563100e-306
1.112610266443563100e-306 2.225211025869356800e-306
2.225211025869356800e-306 9.346036788590256500e-307
9.346036788590256500e-307 1.223819482111789300e-307
1.223819482111789300e-307 8.010625787018101800e-307
8.010625787018101800e-307 1.112578521044599300e-307
1.112578521044599300e-307 9.790997235956040600e-307
9.790997235956040600e-307 5.006849075258425700e-308
5.006849075258425700e-308 1.424211599202498500e-306
1.424211599202498500e-306 2.047114125719148100e-306
2.047114125719148100e-306 1.001326526467076900e-307
1.001326526467076900e-307 9.346111475899943400e-307
9.346111475899943400e-307 1.379617092524609700e-306
1.379617092524609700e-306 1.168192635649109300e-307
1.168192635649109300e-307 8.344239172607604800e-308
8.344239172607604800e-308 8.900702864214666100e-308
8.900702864214666100e-308 1.056955918534644700e-307
1.056955918534644700e-307 2.113877885214347700e-307
2.113877885214347700e-307 1.112617735806570100e-306
1.112617735806570100e-306 2.047218698479911700e-306
2.047218698479911700e-306 1.112596006569679600e-306
1.112596006569679600e-306 4.228047758655577600e-307
4.228047758655577600e-307 1.335110182983069500e-306
1.335110182983069500e-306 1.691193300387141000e-306
1.691193300387141000e-306 7.565875846401032000e-307
7.565875846401032000e-307 1.112582765657870500e-307
1.112582765657870500e-307 8.455993664207105000e-307
8.455993664207105000e-307 1.379623882869695500e-306
1.379623882869695500e-306 2.047130423786566900e-306
2.047130423786566900e-306 1.379613697279536200e-306
1.379613697279536200e-306 8.455593032023487200e-307
8.455593032023487200e-307 8.455586234487538500e-307
8.455586234487538500e-307 1.602210717372229000e-306
1.602210717372229000e-306 8.344515035427919500e-308
8.344515035427919500e-308 1.379623882766082500e-306
1.379623882766082500e-306 9.345982465808899200e-307
9.345982465808899200e-307 1.168209612055793600e-307
1.168209612055793600e-307 1.223873805100414500e-307
1.223873805100414500e-307 1.112581067400693100e-307
1.112581067400693100e-307 9.457429685760633500e-308
9.457429685760633500e-308 1.168244412877423900e-307
1.168244412877423900e-307 8.344239172607604800e-308
8.344239172607604800e-308 8.900702864214666100e-308
8.900702864214666100e-308 1.056955918534644700e-307
1.056955918534644700e-307 9.345955297838667700e-307
9.345955297838667700e-307 1.691215028442853000e-306
1.691215028442853000e-306 8.010924563507470700e-307
8.010924563507470700e-307 1.279499803373503800e-307
1.279499803373503800e-307 1.056952523988962100e-307
1.056952523988962100e-307 8.900675701062511800e-307
8.900675701062511800e-307 7.565991275822661800e-307
7.565991275822661800e-307 9.346002836035963700e-307
9.346002836035963700e-307 7.565251130943783300e-307
7.565251130943783300e-307 1.112582765657870500e-307
1.112582765657870500e-307 8.455993664207105000e-307
8.455993664207105000e-307 1.379623882869695500e-306
1.379623882869695500e-306 2.047130423786566900e-306
2.047130423786566900e-306 1.379613697279536200e-306
1.379613697279536200e-306 8.455593032023487200e-307
8.455593032023487200e-307 8.455586234487538500e-307
8.455586234487538500e-307 1.602210717372229000e-306
1.602210717372229000e-306 8.344515035427919500e-308
8.344515035427919500e-308 1.379623882766082500e-306
1.379623882766082500e-306 9.345982465808899200e-307
9.345982465808899200e-307 1.168209612055793600e-307
1.168209612055793600e-307 1.223873805100414500e-307
1.223873805100414500e-307 1.112581067400693100e-307
1.112581067400693100e-307 9.457429685760633500e-308
9.457429685760633500e-308 1.168244412877423900e-307
1.168244412877423900e-307 8.344239172607604800e-308
8.344239172607604800e-308 8.900702864214666100e-308
8.900702864214666100e-308 1.056955918534644700e-307
1.056955918534644700e-307 9.345955297838667700e-307
9.345955297838667700e-307 1.691215028442853000e-306
1.691215028442853000e-306 8.010924563507470700e-307
8.010924563507470700e-307 1.279499803373503800e-307
1.279499803373503800e-307 1.056952523988962100e-307
1.056952523988962100e-307 8.900675701062511800e-307
8.900675701062511800e-307 1.335112898008293500e-306
1.335112898008293500e-306 1.761284028946746500e-312
1.761284028946746500e-312 1.189166441257086800e-310
1.189166441257086800e-310 1.194259231155304700e-310
1.194259231155304700e-310 1.195108029471740200e-310
1.195108029471740200e-310 1.196805626104561800e-310
1.196805626104561800e-310 3.480073097874738500e-312
3.480073097874738500e-312 4.498631077775220700e-312
4.498631077775220700e-312 5.517189057675702900e-312
5.517189057675702900e-312 9.419906528882179500e-313
9.419906528882179500e-313 2.121995791459338000e-314
2.121995791459338000e-314 2.546394949207733300e-313
2.546394949207733300e-313 2.121995812704160700e-314
2.121995812704160700e-314 5.553297859255611200e-321
5.553297859255611200e-321 -4.326083521688586900e-289
-4.326083521688586900e-289 3.819592440140469600e-313
3.819592440140469600e-313 4.243991599321655400e-313
4.243991599321655400e-313 -6.834125990134624400e+156
-6.834125990134624400e+156 1.230757560597782100e-312
1.230757560597782100e-312 4.243991603274180500e-313
4.243991603274180500e-313 1.008112593136184200e-094
1.008112593136184200e-094 4.668390762455366300e-313
4.668390762455366300e-313 4.243991605448069400e-313
4.243991605448069400e-313 1.710369351822777400e+215
1.710369351822777400e+215 1.315637392849034400e-312
1.315637392849034400e-312 4.243991609598220800e-313
4.243991609598220800e-313 -1.080196481851354400e+240
-1.080196481851354400e+240 5.092789926972461000e-313
5.092789926972461000e-313 4.243991611969735900e-313
4.243991611969735900e-313 -4.180877602140745900e-207
-4.180877602140745900e-207 1.358077309320506500e-312
1.358077309320506500e-312 4.243991616317513600e-313
4.243991616317513600e-313 -2.409139108739996100e+075
-2.409139108739996100e+075 4.668390775498699300e-313
4.668390775498699300e-313 4.243991618491402400e-313
4.243991618491402400e-313 1.315515424913607000e-232
1.315515424913607000e-232 1.315637394153367700e-312
1.315637394153367700e-312 4.243991622641553800e-313
4.243991622641553800e-313 -2.142667872128766500e+113
-2.142667872128766500e+113 4.668390781822739600e-313
4.668390781822739600e-313 4.243991624815442700e-313
4.243991624815442700e-313 1.160591677623996600e-194
1.160591677623996600e-194 1.315637394785771800e-312
1.315637394785771800e-312 4.243991628965594100e-313
4.243991628965594100e-313 -6.541520059949516400e-020
-6.541520059949516400e-020 6.790386579112052200e-313
6.790386579112052200e-313 4.243991631732361700e-313
4.243991631732361700e-313 1.404294491776904000e+019
1.404294491776904000e+019 1.527836974573990900e-312
1.527836974573990900e-312 4.243991636475391900e-313
4.243991636475391900e-313 2.136227083057130300e-306
2.136227083057130300e-306 8.344438643773723200e-308
8.344438643773723200e-308 2.291790424149618900e-312
2.291790424149618900e-312 4.243991591811857500e-314
4.243991591811857500e-314 0.000000000000000000e+000
0.000000000000000000e+000 1.446354877516878800e-307
1.446354877516878800e-307 1.335115615395907400e-306
1.335115615395907400e-306 1.691217745965154900e-306
1.691217745965154900e-306 1.691220462202655200e-306
1.691220462202655200e-306 1.057002603115544700e-307
1.057002603115544700e-307 2.136227084963624800e-306
2.136227084963624800e-306 8.344438643773723200e-308
8.344438643773723200e-308 2.291790424149618900e-312
2.291790424149618900e-312 2.121995791953403600e-313
2.121995791953403600e-313 0.000000000000000000e+000
0.000000000000000000e+000 8.900777551472512800e-307
8.900777551472512800e-307 1.869208715152963100e-306
1.869208715152963100e-306 1.246109265105982000e-306
1.246109265105982000e-306 4.243991587266453600e-313
4.243991587266453600e-313 9.881312916824930900e-324
9.881312916824930900e-324 0.000000000000000000e+000
0.000000000000000000e+000 2.047192894140730200e-306
2.047192894140730200e-306 1.379613697279536200e-306
1.379613697279536200e-306 1.691181077960783500e-306
1.691181077960783500e-306 9.346097902483547100e-307
9.346097902483547100e-307 6.230376566125660700e-307
6.230376566125660700e-307 3.560474674085114300e-307
3.560474674085114300e-307 8.344515036010740100e-308
8.344515036010740100e-308 2.291790424149618900e-312
2.291790424149618900e-312 2.121995791953403600e-313
2.121995791953403600e-313 0.000000000000000000e+000
0.000000000000000000e+000 1.379613017101122600e-306
1.379613017101122600e-306 1.246120130273580100e-306
1.246120130273580100e-306 8.900607796989970000e-307
8.900607796989970000e-307 3.496994665001759700e-317
3.496994665001759700e-317 4.243991591811857500e-314
4.243991591811857500e-314 0.000000000000000000e+000
0.000000000000000000e+000 1.446354877516878800e-307
1.446354877516878800e-307 1.335115615395907400e-306
1.335115615395907400e-306 1.691217745965154900e-306
1.691217745965154900e-306 1.691220462202655200e-306
1.691220462202655200e-306 1.057002603115544700e-307
1.057002603115544700e-307 1.379613018054370800e-306
1.379613018054370800e-306 1.246120130273580100e-306
1.246120130273580100e-306 8.900607796989970000e-307
8.900607796989970000e-307 3.496994665001759700e-317
3.496994665001759700e-317 2.121995791953403600e-313
2.121995791953403600e-313 0.000000000000000000e+000
0.000000000000000000e+000 2.136227083057128400e-306
2.136227083057128400e-306 1.424179005243558700e-306
1.424179005243558700e-306 1.246109265105982000e-306
1.246109265105982000e-306 4.243991587266453600e-313
4.243991587266453600e-313 9.881312916824930900e-324
9.881312916824930900e-324 0.000000000000000000e+000
0.000000000000000000e+000 2.047192894140730200e-306
2.047192894140730200e-306 1.379613697279536200e-306
1.379613697279536200e-306 1.691181077960783500e-306
1.691181077960783500e-306 9.346097902483547100e-307
9.346097902483547100e-307 6.230376566125660700e-307
6.230376566125660700e-307 1.379623882962947500e-306
1.379623882962947500e-306 8.344515035686938300e-308
8.344515035686938300e-308 2.291790424149618900e-312
2.291790424149618900e-312 2.121995791953403600e-313
2.121995791953403600e-313 0.000000000000000000e+000
0.000000000000000000e+000 2.136227083057128400e-306
2.136227083057128400e-306 1.424179005243558700e-306
1.424179005243558700e-306 1.246120129724431700e-306
1.246120129724431700e-306 4.243991586772388000e-313
4.243991586772388000e-313 9.881312916824930900e-324
9.881312916824930900e-324 0.000000000000000000e+000
0.000000000000000000e+000 2.047192894140730200e-306
2.047192894140730200e-306 1.379613697279536200e-306
1.379613697279536200e-306 1.691181077960783500e-306
1.691181077960783500e-306 9.346097902483547100e-307
9.346097902483547100e-307 6.230376566125660700e-307
6.230376566125660700e-307 1.379623882962947500e-306
1.379623882962947500e-306 8.344515035686938300e-308
8.344515035686938300e-308 2.079590845132142100e-312
2.079590845132142100e-312 2.121995791953403600e-313
2.121995791953403600e-313 0.000000000000000000e+000
0.000000000000000000e+000 1.379613017101122600e-306
1.379613017101122600e-306 1.246120130273580100e-306
1.246120130273580100e-306 8.900607796989970000e-307
8.900607796989970000e-307 1.290574074831258100e-306
1.290574074831258100e-306 3.399861853095016400e-317
3.399861853095016400e-317 4.243991591811857500e-314
4.243991591811857500e-314 0.000000000000000000e+000
0.000000000000000000e+000 1.446354877516878800e-307
1.446354877516878800e-307 1.335115615395907400e-306
1.335115615395907400e-306 1.691217745965154900e-306
1.691217745965154900e-306 1.691220462202655200e-306
1.691220462202655200e-306 1.057002603115544700e-307
1.057002603115544700e-307 1.379613018054370800e-306
1.379613018054370800e-306 1.246120130273580100e-306
1.246120130273580100e-306 8.900607796989970000e-307
8.900607796989970000e-307 1.290574074831258100e-306
1.290574074831258100e-306 3.399861853095016400e-317
3.399861853095016400e-317 2.121995791953403600e-313
2.121995791953403600e-313 0.000000000000000000e+000
0.000000000000000000e+000 6.365987372895816900e-314
6.365987372895816900e-314 1.060997951410867300e-313
1.060997951410867300e-313 6.365987944035703500e-314
6.365987944035703500e-314 8.487983744882288800e-314
8.487983744882288800e-314 1.442957143725885000e-312
1.442957143725885000e-312 3.480073097637587000e-312
3.480073097637587000e-312 5.517189057438551400e-312
5.517189057438551400e-312 4.498631077063766200e-312
4.498631077063766200e-312 2.461515118922862300e-312
2.461515118922862300e-312 5.007910067369734600e-312
5.007910067369734600e-312 1.209469665604557200e+175
1.209469665604557200e+175 2.121995812704160700e-314
2.121995812704160700e-314 2.121995791459338000e-314
2.121995791459338000e-314 9.336781481581175400e-313
9.336781481581175400e-313 7.469425184198252600e-311
7.469425184198252600e-311 0.000000000000000000e+000
0.000000000000000000e+000 1.470030204110643500e-311
1.470030204110643500e-311 1.536324952673679100e-311
1.536324952673679100e-311 8.487983204374472200e-314
8.487983204374472200e-314 1.715197997425460700e-311
1.715197997425460700e-311 1.773988481258825200e-311
1.773988481258825200e-311 8.487983201410078300e-314
8.487983201410078300e-314 1.936847971450130300e-311
1.936847971450130300e-311 2.011652009851876400e-311
2.011652009851876400e-311 8.487983206350734800e-314
8.487983206350734800e-314 2.199297490621473100e-311
2.199297490621473100e-311 2.266291504765732800e-311
2.266291504765732800e-311 8.487983204374472200e-314
8.487983204374472200e-314 2.446485362875229800e-311
2.446485362875229800e-311 2.520930999683541700e-311
2.520930999683541700e-311 8.487983206350734800e-314
8.487983206350734800e-314 2.708484900234059300e-311
2.708484900234059300e-311 2.775570494597398200e-311
2.775570494597398200e-311 8.487983204374472200e-314
8.487983204374472200e-314 2.954169433491693200e-311
2.954169433491693200e-311 3.038697972680056300e-311
3.038697972680056300e-311 8.487983207338866100e-314
8.487983207338866100e-314 3.226109717851224800e-311
3.226109717851224800e-311 3.276361501261249900e-311
